-------------------------------------------------------------
Transformation Parameters

Patient number: 003
From: ct
To: mr_PD

Point      x          y          z        new_x       new_y       new_z

  1     0.0000     0.0000     0.0000   -11.6818   -33.1041   -39.9995
  2   333.9870     0.0000     0.0000   304.8892    -6.9187  -143.1715
  3     0.0000   333.9870     0.0000   -12.4490   291.1720    39.9491
  4   333.9870   333.9870     0.0000   304.1220   317.3574   -63.2229
  5     0.0000     0.0000   132.0000    30.3861   -62.9604    81.5032
  6   333.9870     0.0000   132.0000   346.9571   -36.7750   -21.6689
  7     0.0000   333.9870   132.0000    29.6189   261.3156   161.4517
  8   333.9870   333.9870   132.0000   346.1899   287.5011    58.2797

(All distances are in millimeters.)
-------------------------------------------------------------
