-------------------------------------------------------------
Transformation Parameters

Patient number: 001
From: pet
To: mr_PD_rectified

Point      x          y          z        new_x       new_y       new_z

  1     0.0000     0.0000     0.0000     7.0596    -8.1608    -7.1919
  2   329.0218     0.0000     0.0000   334.7704   -16.7348    20.8699
  3     0.0000   329.0218     0.0000    15.8412   320.7373    -9.2540
  4   329.0218   329.0218     0.0000   343.5520   312.1634    18.8078
  5     0.0000     0.0000   112.0000    -2.4708    -7.2067   104.3978
  6   329.0218     0.0000   112.0000   325.2400   -15.7807   132.4596
  7     0.0000   329.0218   112.0000     6.3108   321.6914   102.3357
  8   329.0218   329.0218   112.0000   334.0216   313.1175   130.3975

(All distances are in millimeters.)
-------------------------------------------------------------
