-------------------------------------------------------------
Transformation Parameters

Patient number: 005
From: pet
To: mr_T2

Point      x          y          z        new_x       new_y       new_z

  1     0.0000     0.0000     0.0000    51.9237    27.4972    -7.7973
  2   246.7663     0.0000     0.0000   298.5662    28.6511    -0.0679
  3     0.0000   246.7663     0.0000    50.4532   274.0517     2.3199
  4   246.7663   246.7663     0.0000   297.0957   275.2056    10.0493
  5     0.0000     0.0000   112.0000    48.4400    22.8867   104.0535
  6   246.7663     0.0000   112.0000   295.0826    24.0406   111.7829
  7     0.0000   246.7663   112.0000    46.9695   269.4412   114.1708
  8   246.7663   246.7663   112.0000   293.6121   270.5951   121.9002

(All distances are in millimeters.)
-------------------------------------------------------------
