-------------------------------------------------------------
Transformation Parameters

Patient number: 007
From: ct
To: mr_PD

Point      x          y          z        new_x       new_y       new_z

  1     0.0000     0.0000     0.0000   -19.6263   -13.1008    22.0690
  2   333.9870     0.0000     0.0000   304.9251   -22.5965   -56.1844
  3     0.0000   333.9870     0.0000    -4.6241   319.8349    43.8896
  4   333.9870   333.9870     0.0000   319.9273   310.3392   -34.3638
  5     0.0000     0.0000   108.0000     5.3979   -21.0941   126.8253
  6   333.9870     0.0000   108.0000   329.9493   -30.5898    48.5720
  7     0.0000   333.9870   108.0000    20.4001   311.8415   148.6459
  8   333.9870   333.9870   108.0000   344.9515   302.3458    70.3926

(All distances are in millimeters.)
-------------------------------------------------------------
