-------------------------------------------------------------
Transformation Parameters

Patient number: 005
From: ct
To: mr_T1

Point      x          y          z        new_x       new_y       new_z

  1     0.0000     0.0000     0.0000     7.6708   -11.5520   -84.9604
  2   333.9870     0.0000     0.0000   337.2504   -19.9418   -31.5354
  3     0.0000   333.9870     0.0000     3.2654   313.1298    -6.7958
  4   333.9870   333.9870     0.0000   332.8450   304.7400    46.6292
  5     0.0000     0.0000   128.0000   -12.9863   -41.3832    37.7889
  6   333.9870     0.0000   128.0000   316.5934   -49.7730    91.2139
  7     0.0000   333.9870   128.0000   -17.3917   283.2986   115.9535
  8   333.9870   333.9870   128.0000   312.1880   274.9088   169.3784

(All distances are in millimeters.)
-------------------------------------------------------------
