-------------------------------------------------------------
Transformation Parameters

Patient number: 006
From: ct
To: mr_T1

Point      x          y          z        new_x       new_y       new_z

  1     0.0000     0.0000     0.0000    43.3053   -16.3863  -119.9352
  2   333.9870     0.0000     0.0000   333.9672   -29.5904    44.0425
  3     0.0000   333.9870     0.0000    32.2283   314.1968   -73.6805
  4   333.9870   333.9870     0.0000   322.8902   300.9926    90.2971
  5     0.0000     0.0000   116.0000   -13.7019   -32.2563   -20.1638
  6   333.9870     0.0000   116.0000   276.9600   -45.4604   143.8138
  7     0.0000   333.9870   116.0000   -24.7789   298.3268    26.0908
  8   333.9870   333.9870   116.0000   265.8830   285.1226   190.0685

(All distances are in millimeters.)
-------------------------------------------------------------
