-------------------------------------------------------------
Transformation Parameters

Patient number: 005
From: ct
To: mr_T2_rectified

Point      x          y          z        new_x       new_y       new_z

  1     0.0000     0.0000     0.0000    24.3839   -45.1456   -50.5024
  2   333.9870     0.0000     0.0000   352.0987   -15.0930     6.4820
  3     0.0000   333.9870     0.0000    -8.1532   287.0386   -38.5716
  4   333.9870   333.9870     0.0000   319.5616   317.0912    18.4128
  5     0.0000     0.0000   128.0000     3.0741   -51.7598    75.5378
  6   333.9870     0.0000   128.0000   330.7888   -21.7071   132.5223
  7     0.0000   333.9870   128.0000   -29.4631   280.4244    87.4686
  8   333.9870   333.9870   128.0000   298.2517   310.4771   144.4531

(All distances are in millimeters.)
-------------------------------------------------------------
