-------------------------------------------------------------
Transformation Parameters

Patient number: 001
From: pet
To: mr_PD

Point      x          y          z        new_x       new_y       new_z

  1     0.0000     0.0000     0.0000     5.6898    -9.9490   -10.2079
  2   329.0218     0.0000     0.0000   333.9176   -15.6179    11.9229
  3     0.0000   329.0218     0.0000    10.9887   318.9814    -4.5408
  4   329.0218   329.0218     0.0000   339.2165   313.3125    17.5900
  5     0.0000     0.0000   112.0000    -1.8747   -11.7521   101.5218
  6   329.0218     0.0000   112.0000   326.3530   -17.4210   123.6526
  7     0.0000   329.0218   112.0000     3.4242   317.1782   107.1889
  8   329.0218   329.0218   112.0000   331.6519   311.5093   129.3197

(All distances are in millimeters.)
-------------------------------------------------------------
