-------------------------------------------------------------
Transformation Parameters

Patient number: 008
From: pet
To: mr_T1

Point      x          y          z        new_x       new_y       new_z

  1     0.0000     0.0000     0.0000    -2.6207    18.6784   -38.9659
  2   329.0218     0.0000     0.0000   324.3297    -5.9749   -11.5609
  3     0.0000   329.0218     0.0000    20.8656   346.5300   -24.2320
  4   329.0218   329.0218     0.0000   347.8160   321.8767     3.1730
  5     0.0000     0.0000   112.0000   -12.2921    14.3604    72.5322
  6   329.0218     0.0000   112.0000   314.6583   -10.2929    99.9372
  7     0.0000   329.0218   112.0000    11.1943   342.2120    87.2661
  8   329.0218   329.0218   112.0000   338.1446   317.5587   114.6711

(All distances are in millimeters.)
-------------------------------------------------------------
