-------------------------------------------------------------
Transformation Parameters

Patient number: 001
From: pet
To: mr_T1

Point      x          y          z        new_x       new_y       new_z

  1     0.0000     0.0000     0.0000     4.7162    -9.6749    -7.3566
  2   329.0218     0.0000     0.0000   333.0623   -16.6211    12.5421
  3     0.0000   329.0218     0.0000    11.7583   319.2687    -8.7320
  4   329.0218   329.0218     0.0000   340.1044   312.3225    11.1667
  5     0.0000     0.0000   112.0000    -2.0459    -9.0627   104.4374
  6   329.0218     0.0000   112.0000   326.3002   -16.0089   124.3361
  7     0.0000   329.0218   112.0000     4.9963   319.8809   103.0620
  8   329.0218   329.0218   112.0000   333.3424   312.9347   122.9607

(All distances are in millimeters.)
-------------------------------------------------------------
