-------------------------------------------------------------
Transformation Parameters

Patient number: 006
From: ct
To: mr_PD

Point      x          y          z        new_x       new_y       new_z

  1     0.0000     0.0000     0.0000    37.9537   -21.3209  -112.7029
  2   333.9870     0.0000     0.0000   329.7455   -33.4295    49.3411
  3     0.0000   333.9870     0.0000    35.2318   311.3266   -82.9450
  4   333.9870   333.9870     0.0000   327.0236   299.2181    79.0991
  5     0.0000     0.0000   116.0000   -18.4763   -30.8093   -11.7989
  6   333.9870     0.0000   116.0000   273.3155   -42.9179   150.2452
  7     0.0000   333.9870   116.0000   -21.1981   301.8382    17.9591
  8   333.9870   333.9870   116.0000   270.5937   289.7297   180.0031

(All distances are in millimeters.)
-------------------------------------------------------------
