-------------------------------------------------------------
Transformation Parameters

Patient number: 002
From: pet
To: mr_PD_rectified

Point      x          y          z        new_x       new_y       new_z

  1     0.0000     0.0000     0.0000     7.5685     5.4124   -16.5068
  2   329.0218     0.0000     0.0000   336.5720     8.8579   -16.0901
  3     0.0000   329.0218     0.0000     4.1076   334.0754    -1.5392
  4   329.0218   329.0218     0.0000   333.1111   337.5209    -1.1225
  5     0.0000     0.0000   112.0000     7.4801     0.3162    95.3771
  6   329.0218     0.0000   112.0000   336.4836     3.7617    95.7939
  7     0.0000   329.0218   112.0000     4.0192   328.9792   110.3447
  8   329.0218   329.0218   112.0000   333.0228   332.4247   110.7615

(All distances are in millimeters.)
-------------------------------------------------------------
