-------------------------------------------------------------
Transformation Parameters

Patient number: 001
From: ct
To: mr_T1

Point      x          y          z        new_x       new_y       new_z

  1     0.0000     0.0000     0.0000    -1.2004   -25.3063    10.6390
  2   333.9870     0.0000     0.0000   323.8692    -8.8461   -64.2350
  3     0.0000   333.9870     0.0000    -7.4252   305.4815    56.3340
  4   333.9870   333.9870     0.0000   317.6445   321.9417   -18.5400
  5     0.0000     0.0000   108.0000    23.5076   -39.2367   114.8478
  6   333.9870     0.0000   108.0000   348.5772   -22.7765    39.9738
  7     0.0000   333.9870   108.0000    17.2828   291.5511   160.5428
  8   333.9870   333.9870   108.0000   342.3525   308.0113    85.6688

(All distances are in millimeters.)
-------------------------------------------------------------
