-------------------------------------------------------------
Transformation Parameters

Patient number: 006
From: ct
To: mr_T2_rectified

Point      x          y          z        new_x       new_y       new_z

  1     0.0000     0.0000     0.0000    -1.7505   -21.6566   -59.6121
  2   333.9870     0.0000     0.0000   332.1362   -16.5532   -53.2091
  3     0.0000   333.9870     0.0000    -8.0283   305.5728     6.9378
  4   333.9870   333.9870     0.0000   325.8583   310.6761    13.3407
  5     0.0000     0.0000   116.0000    -3.5762   -44.8055    54.0400
  6   333.9870     0.0000   116.0000   330.3105   -39.7021    60.4429
  7     0.0000   333.9870   116.0000    -9.8540   282.4239   120.5898
  8   333.9870   333.9870   116.0000   324.0326   287.5273   126.9928

(All distances are in millimeters.)
-------------------------------------------------------------
