-------------------------------------------------------------
Transformation Parameters

Patient number: 006
From: pet
To: mr_PD_rectified

Point      x          y          z        new_x       new_y       new_z

  1     0.0000     0.0000     0.0000    -7.9156    27.3683   -33.8986
  2   329.0218     0.0000     0.0000   310.9397   -26.6125    26.7045
  3     0.0000   329.0218     0.0000    44.4596   351.9134   -20.3828
  4   329.0218   329.0218     0.0000   363.3149   297.9326    40.2202
  5     0.0000     0.0000   112.0000   -29.0192    26.1935    76.0890
  6   329.0218     0.0000   112.0000   289.8361   -27.7873   136.6920
  7     0.0000   329.0218   112.0000    23.3560   350.7386    89.6047
  8   329.0218   329.0218   112.0000   342.2113   296.7578   150.2078

(All distances are in millimeters.)
-------------------------------------------------------------
