-------------------------------------------------------------
Transformation Parameters

Patient number: 002
From: pet
To: mr_T2_rectified

Point      x          y          z        new_x       new_y       new_z

  1     0.0000     0.0000     0.0000    12.9639     9.2621   -37.3740
  2   329.0218     0.0000     0.0000   341.0300    11.6780   -12.4301
  3     0.0000   329.0218     0.0000     7.6320   335.9822     1.1088
  4   329.0218   329.0218     0.0000   335.6980   338.3981    26.0527
  5     0.0000     0.0000   112.0000     4.6285    -3.9371    73.5327
  6   329.0218     0.0000   112.0000   332.6946    -1.5212    98.4766
  7     0.0000   329.0218   112.0000    -0.7034   322.7830   112.0155
  8   329.0218   329.0218   112.0000   327.3626   325.1989   136.9594

(All distances are in millimeters.)
-------------------------------------------------------------
