-------------------------------------------------------------
Transformation Parameters

Patient number: 007
From: ct
To: mr_T2_rectified

Point      x          y          z        new_x       new_y       new_z

  1     0.0000     0.0000     0.0000   -34.9190    10.6247     9.4131
  2   333.9870     0.0000     0.0000   291.9942   -47.1587   -27.1411
  3     0.0000   333.9870     0.0000    24.0747   339.2604    17.5147
  4   333.9870   333.9870     0.0000   350.9879   281.4770   -19.0395
  5     0.0000     0.0000   108.0000   -23.7413     5.9725   116.7323
  6   333.9870     0.0000   108.0000   303.1719   -51.8109    80.1781
  7     0.0000   333.9870   108.0000    35.2525   334.6082   124.8339
  8   333.9870   333.9870   108.0000   362.1656   276.8249    88.2797

(All distances are in millimeters.)
-------------------------------------------------------------
