-------------------------------------------------------------
Transformation Parameters

Patient number: 005
From: ct
To: mr_PD_rectified

Point      x          y          z        new_x       new_y       new_z

  1     0.0000     0.0000     0.0000    16.4222   -17.8628   -86.6868
  2   333.9870     0.0000     0.0000   342.5891   -21.1253   -14.9104
  3     0.0000   333.9870     0.0000     4.4086   308.6066   -17.2549
  4   333.9870   333.9870     0.0000   330.5755   305.3440    54.5215
  5     0.0000     0.0000   128.0000   -10.7267   -44.8389    35.4575
  6   333.9870     0.0000   128.0000   315.4402   -48.1014   107.2339
  7     0.0000   333.9870   128.0000   -22.7404   281.6305   104.8894
  8   333.9870   333.9870   128.0000   303.4265   278.3679   176.6658

(All distances are in millimeters.)
-------------------------------------------------------------
