-------------------------------------------------------------
Transformation Parameters

Patient number: 007
From: pet
To: mr_T1_rectified

Point      x          y          z        new_x       new_y       new_z

  1     0.0000     0.0000     0.0000     5.1681    13.1974   -26.7058
  2   329.0218     0.0000     0.0000   328.4020   -15.7821    27.4732
  3     0.0000   329.0218     0.0000    31.4222   340.6470    -8.1910
  4   329.0218   329.0218     0.0000   354.6561   311.6676    45.9880
  5     0.0000     0.0000   112.0000   -13.7416     8.4774    83.5854
  6   329.0218     0.0000   112.0000   309.4924   -20.5021   137.7644
  7     0.0000   329.0218   112.0000    12.5125   335.9271   102.1002
  8   329.0218   329.0218   112.0000   335.7464   306.9476   156.2792

(All distances are in millimeters.)
-------------------------------------------------------------
