-------------------------------------------------------------
Transformation Parameters

Patient number: 005
From: pet
To: mr_T1

Point      x          y          z        new_x       new_y       new_z

  1     0.0000     0.0000     0.0000    55.3362    21.8028     2.3520
  2   246.7663     0.0000     0.0000   301.7244    29.1259    13.8774
  3     0.0000   246.7663     0.0000    48.6887   268.0612   -12.0095
  4   246.7663   246.7663     0.0000   295.0770   275.3843    -0.4841
  5     0.0000     0.0000   112.0000    49.9225    28.1702   114.0398
  6   246.7663     0.0000   112.0000   296.3107    35.4933   125.5651
  7     0.0000   246.7663   112.0000    43.2751   274.4285    99.6783
  8   246.7663   246.7663   112.0000   289.6633   281.7516   111.2036

(All distances are in millimeters.)
-------------------------------------------------------------
