-------------------------------------------------------------
Transformation Parameters

Patient number: 004
From: ct
To: mr_PD_rectified

Point      x          y          z        new_x       new_y       new_z

  1     0.0000     0.0000     0.0000     1.7116   -20.7425   -72.9576
  2   333.9870     0.0000     0.0000   334.7039    -7.0580   -94.7795
  3     0.0000   333.9870     0.0000    -5.0516   298.7340    24.1834
  4   333.9870   333.9870     0.0000   327.9407   312.4185     2.3615
  5     0.0000     0.0000   104.0000     9.4509   -50.7635    26.3140
  6   333.9870     0.0000   104.0000   342.4432   -37.0789     4.4921
  7     0.0000   333.9870   104.0000     2.6877   268.7130   123.4550
  8   333.9870   333.9870   104.0000   335.6800   282.3976   101.6331

(All distances are in millimeters.)
-------------------------------------------------------------
