-------------------------------------------------------------
Transformation Parameters

Patient number: 008
From: pet
To: mr_PD

Point      x          y          z        new_x       new_y       new_z

  1     0.0000     0.0000     0.0000     4.4058    20.5343   -43.9790
  2   329.0218     0.0000     0.0000   332.2705    13.8330   -17.2364
  3     0.0000   329.0218     0.0000     8.7715   348.2813   -15.3747
  4   329.0218   329.0218     0.0000   336.6362   341.5800    11.3679
  5     0.0000     0.0000   112.0000    -4.8605    10.9523    67.2250
  6   329.0218     0.0000   112.0000   323.0042     4.2511    93.9676
  7     0.0000   329.0218   112.0000    -0.4948   338.6993    95.8293
  8   329.0218   329.0218   112.0000   327.3699   331.9981   122.5719

(All distances are in millimeters.)
-------------------------------------------------------------
