-------------------------------------------------------------
Transformation Parameters

Patient number: 009
From: pet
To: mr_T2

Point      x          y          z        new_x       new_y       new_z

  1     0.0000     0.0000     0.0000     5.8357    -2.8561   -33.7786
  2   329.0218     0.0000     0.0000   334.8539    -1.3309   -33.4957
  3     0.0000   329.0218     0.0000     4.2927   325.1040    -7.4125
  4   329.0218   329.0218     0.0000   333.3109   326.6292    -7.1296
  5     0.0000     0.0000   112.0000     5.7813   -11.8315    77.8612
  6   329.0218     0.0000   112.0000   334.7995   -10.3063    78.1441
  7     0.0000   329.0218   112.0000     4.2383   316.1285   104.2273
  8   329.0218   329.0218   112.0000   333.2565   317.6538   104.5102

(All distances are in millimeters.)
-------------------------------------------------------------
