-------------------------------------------------------------
Transformation Parameters

Patient number: 006
From: ct
To: mr_PD_rectified

Point      x          y          z        new_x       new_y       new_z

  1     0.0000     0.0000     0.0000    10.5604   -29.7918   -64.6818
  2   333.9870     0.0000     0.0000   343.0901     1.3324   -63.0450
  3     0.0000   333.9870     0.0000   -19.9791   292.0889    19.0288
  4   333.9870   333.9870     0.0000   312.5505   323.2131    20.6656
  5     0.0000     0.0000   116.0000    12.7220   -58.7912    47.6140
  6   333.9870     0.0000   116.0000   345.2516   -27.6670    49.2508
  7     0.0000   333.9870   116.0000   -17.8175   263.0895   131.3246
  8   333.9870   333.9870   116.0000   314.7121   294.2137   132.9614

(All distances are in millimeters.)
-------------------------------------------------------------
