-------------------------------------------------------------
Transformation Parameters

Patient number: 002
From: pet
To: mr_PD

Point      x          y          z        new_x       new_y       new_z

  1     0.0000     0.0000     0.0000     1.9929     7.4261   -17.6609
  2   329.0218     0.0000     0.0000   330.9691     1.9836   -17.0409
  3     0.0000   329.0218     0.0000     7.4087   336.1769    -5.4561
  4   329.0218   329.0218     0.0000   336.3849   330.7344    -4.8362
  5     0.0000     0.0000   112.0000     1.7133     3.2756    94.2619
  6   329.0218     0.0000   112.0000   330.6896    -2.1669    94.8818
  7     0.0000   329.0218   112.0000     7.1291   332.0264   106.4666
  8   329.0218   329.0218   112.0000   336.1053   326.5839   107.0866

(All distances are in millimeters.)
-------------------------------------------------------------
