-------------------------------------------------------------
Transformation Parameters

Patient number: 002
From: ct
To: mr_PD_rectified

Point      x          y          z        new_x       new_y       new_z

  1     0.0000     0.0000     0.0000     6.1572   -31.7316   -26.0509
  2   333.9870     0.0000     0.0000   340.0055   -27.8503   -17.2408
  3     0.0000   333.9870     0.0000     2.0310   302.1007   -16.7627
  4   333.9870   333.9870     0.0000   335.8793   305.9820    -7.9525
  5     0.0000     0.0000   112.0000     3.2404   -34.8816    85.8668
  6   333.9870     0.0000   112.0000   337.0886   -31.0003    94.6769
  7     0.0000   333.9870   112.0000    -0.8859   298.9508    95.1550
  8   333.9870   333.9870   112.0000   332.9624   302.8321   103.9651

(All distances are in millimeters.)
-------------------------------------------------------------
