-------------------------------------------------------------
Transformation Parameters

Patient number: 005
From: ct
To: mr_T2

Point      x          y          z        new_x       new_y       new_z

  1     0.0000     0.0000     0.0000     9.1700   -15.9374   -80.4738
  2   333.9870     0.0000     0.0000   337.7753   -22.4977   -21.1200
  3     0.0000   333.9870     0.0000     4.2725   311.9491   -17.1191
  4   333.9870   333.9870     0.0000   332.8778   305.3888    42.2348
  5     0.0000     0.0000   128.0000   -13.6387   -40.1603    43.1264
  6   333.9870     0.0000   128.0000   314.9666   -46.7206   102.4802
  7     0.0000   333.9870   128.0000   -18.5361   287.7261   106.4811
  8   333.9870   333.9870   128.0000   310.0691   281.1658   165.8350

(All distances are in millimeters.)
-------------------------------------------------------------
