-------------------------------------------------------------
Transformation Parameters

Patient number: 002
From: pet
To: mr_T2

Point      x          y          z        new_x       new_y       new_z

  1     0.0000     0.0000     0.0000     8.5213    14.9896   -52.9865
  2   329.0218     0.0000     0.0000   335.2252     4.2327   -15.5138
  3     0.0000   329.0218     0.0000    12.6107   338.9501     4.3564
  4   329.0218   329.0218     0.0000   339.3146   328.1932    41.8292
  5     0.0000     0.0000   112.0000    -4.6765    -4.2341    56.5592
  6   329.0218     0.0000   112.0000   322.0274   -14.9910    94.0319
  7     0.0000   329.0218   112.0000    -0.5871   319.7264   113.9022
  8   329.0218   329.0218   112.0000   326.1168   308.9695   151.3749

(All distances are in millimeters.)
-------------------------------------------------------------
