-------------------------------------------------------------
Transformation Parameters

Patient number: 005
From: pet
To: mr_T1_rectified

Point      x          y          z        new_x       new_y       new_z

  1     0.0000     0.0000     0.0000    52.9107    24.8477    -2.9690
  2   246.7663     0.0000     0.0000   299.5544    26.8691     4.5411
  3     0.0000   246.7663     0.0000    50.7967   271.5866     0.0466
  4   246.7663   246.7663     0.0000   297.4404   273.6080     7.5568
  5     0.0000     0.0000   112.0000    49.5137    23.4505   108.9707
  6   246.7663     0.0000   112.0000   296.1574    25.4719   116.4809
  7     0.0000   246.7663   112.0000    47.3997   270.1893   111.9864
  8   246.7663   246.7663   112.0000   294.0434   272.2107   119.4965

(All distances are in millimeters.)
-------------------------------------------------------------
