-------------------------------------------------------------
Transformation Parameters

Patient number: 003
From: ct
To: mr_T1

Point      x          y          z        new_x       new_y       new_z

  1     0.0000     0.0000     0.0000    45.4593   -63.1586    38.1166
  2   333.9870     0.0000     0.0000   368.5424    15.7824    68.6605
  3     0.0000   333.9870     0.0000   -31.8260   261.1110    17.5363
  4   333.9870   333.9870     0.0000   291.2572   340.0520    48.0802
  5     0.0000     0.0000   132.0000    31.8163   -58.0838   169.3115
  6   333.9870     0.0000   132.0000   354.8994    20.8572   199.8554
  7     0.0000   333.9870   132.0000   -45.4690   266.1859   148.7313
  8   333.9870   333.9870   132.0000   277.6142   345.1269   179.2752

(All distances are in millimeters.)
-------------------------------------------------------------
