----------------------------------------------------------------------
Transformation Parameters

Patient number: 009
From: pet
To: mr_PD

Point      x          y          z        new_x       new_y       new_z

1 0.000000 0.000000 0.000000 5.319315 -0.706081 -34.232474
2 329.021826 0.000000 0.000000 334.007370 -5.124778 -20.090355
3 0.000000 329.021826 0.000000 9.224763 328.075178 -22.274506
4 329.021826 329.021826 0.000000 337.912818 323.656481 -8.132387
5 0.000000 0.000000 112.000000 0.454150 -4.715337 77.589957
6 329.021826 0.000000 112.000000 329.142205 -9.134035 91.732076
7 0.000000 329.021826 112.000000 4.359597 324.065922 89.547925
8 329.021826 329.021826 112.000000 333.047652 319.647225 103.690044

(All distances are in millimeters.)
----------------------------------------------------------------------
