----------------------------------------------------------------------
Transformation Parameters

Patient number: 001
From: pet
To: mr_PD

Point      x          y          z        new_x       new_y       new_z

1 0.000000 0.000000 0.000000 1.172894 -11.586444 12.802138
2 329.021826 0.000000 0.000000 329.687228 -15.550310 -5.029916
3 0.000000 329.021826 0.000000 4.850132 317.370859 7.423200
4 329.021826 329.021826 0.000000 333.364465 313.406992 -10.408854
5 0.000000 0.000000 112.000000 7.263846 -9.826102 124.622536
6 329.021826 0.000000 112.000000 335.778180 -13.789969 106.790482
7 0.000000 329.021826 112.000000 10.941084 319.131200 119.243598
8 329.021826 329.021826 112.000000 339.455418 315.167333 101.411544

(All distances are in millimeters.)
----------------------------------------------------------------------
