----------------------------------------------------------------------
Transformation Parameters

Patient number: 005
From: pet
To: mr_T2

Point      x          y          z        new_x       new_y       new_z

1 0.000000 0.000000 0.000000 51.764185 24.613692 -1.448122
2 246.766339 0.000000 0.000000 298.502160 28.354144 -1.529308
3 0.000000 246.766339 0.000000 48.023602 271.351334 -1.860222
4 246.766339 246.766339 0.000000 294.761578 275.091786 -1.941408
5 0.000000 0.000000 112.000000 51.798193 24.801269 110.551716
6 246.766339 0.000000 112.000000 298.536169 28.541721 110.470530
7 0.000000 246.766339 112.000000 48.057611 271.538911 110.139616
8 246.766339 246.766339 112.000000 294.795586 275.279363 110.058430

(All distances are in millimeters.)
----------------------------------------------------------------------
