----------------------------------------------------------------------
Transformation Parameters

Patient number: 007
From: pet
To: mr_PD

Point      x          y          z        new_x       new_y       new_z

1 0.000000 0.000000 0.000000 7.239559 -3.244771 1.090260
2 329.021826 0.000000 0.000000 336.245536 -0.820546 3.223951
3 0.000000 329.021826 0.000000 4.813047 325.767926 1.435404
4 329.021826 329.021826 0.000000 333.819023 328.192151 3.569094
5 0.000000 0.000000 112.000000 6.514131 -3.367609 113.087844
6 329.021826 0.000000 112.000000 335.520107 -0.943385 115.221534
7 0.000000 329.021826 112.000000 4.087618 325.645088 113.432987
8 329.021826 329.021826 112.000000 333.093594 328.069312 115.566678

(All distances are in millimeters.)
----------------------------------------------------------------------
