----------------------------------------------------------------------
Transformation Parameters

Patient number: 007
From: pet
To: mr_T2

Point      x          y          z        new_x       new_y       new_z

1 0.000000 0.000000 0.000000 7.057824 -5.011638 -4.635710
2 329.021826 0.000000 0.000000 336.066530 -2.073458 -4.616955
3 0.000000 329.021826 0.000000 4.119710 323.995697 -5.585923
4 329.021826 329.021826 0.000000 333.128416 326.933877 -5.567169
5 0.000000 0.000000 112.000000 7.048552 -4.688253 107.363823
6 329.021826 0.000000 112.000000 336.057258 -1.750073 107.382577
7 0.000000 329.021826 112.000000 4.110438 324.319082 106.413609
8 329.021826 329.021826 112.000000 333.119144 327.257262 106.432364

(All distances are in millimeters.)
----------------------------------------------------------------------
