----------------------------------------------------------------------
Transformation Parameters

Patient number: 002
From: pet
To: mr_T2_rectified

Point      x          y          z        new_x       new_y       new_z

1 0.000000 0.000000 0.000000 8.013380 3.134839 -5.364196
2 329.021826 0.000000 0.000000 337.023219 5.632109 -4.079186
3 0.000000 329.021826 0.000000 5.563063 331.942003 -16.992038
4 329.021826 329.021826 0.000000 334.572902 334.439273 -15.707027
5 0.000000 0.000000 112.000000 7.546201 7.089589 106.564985
6 329.021826 0.000000 112.000000 336.556040 9.586859 107.849996
7 0.000000 329.021826 112.000000 5.095885 335.896753 94.937144
8 329.021826 329.021826 112.000000 334.105724 338.394023 96.222154

(All distances are in millimeters.)
----------------------------------------------------------------------
