----------------------------------------------------------------------
Transformation Parameters

Patient number: 006
From: ct
To: mr_T2_rectified

Point      x          y          z        new_x       new_y       new_z

1 0.000000 0.000000 0.000000 -6.778046 -29.832142 -25.653999
2 333.987030 0.000000 0.000000 327.191908 -29.975845 -29.028233
3 0.000000 333.987030 0.000000 -6.553004 304.057689 -17.600014
4 333.987030 333.987030 0.000000 327.416950 303.913985 -20.974248
5 0.000000 0.000000 116.000000 -5.607656 -32.630089 90.306346
6 333.987030 0.000000 116.000000 328.362298 -32.773793 86.932112
7 0.000000 333.987030 116.000000 -5.382614 301.259741 98.360331
8 333.987030 333.987030 116.000000 328.587340 301.116038 94.986097

(All distances are in millimeters.)
----------------------------------------------------------------------
