----------------------------------------------------------------------
Transformation Parameters

Patient number: 005
From: ct
To: mr_T2

Point      x          y          z        new_x       new_y       new_z

1 0.000000 0.000000 0.000000 -5.828693 -31.427270 -21.534160
2 333.987030 0.000000 0.000000 328.157506 -30.882734 -22.042821
3 0.000000 333.987030 0.000000 -6.372088 302.558480 -20.785696
4 333.987030 333.987030 0.000000 327.614111 303.103016 -21.294356
5 0.000000 0.000000 128.000000 -5.633283 -31.713800 106.465370
6 333.987030 0.000000 128.000000 328.352916 -31.169264 105.956710
7 0.000000 333.987030 128.000000 -6.176678 302.271950 107.213835
8 333.987030 333.987030 128.000000 327.809521 302.816486 106.705174

(All distances are in millimeters.)
----------------------------------------------------------------------
