----------------------------------------------------------------------
Transformation Parameters

Patient number: 003
From: ct
To: mr_T1

Point      x          y          z        new_x       new_y       new_z

1 0.000000 0.000000 0.000000 -1.745191 -29.834273 -31.914371
2 333.987030 0.000000 0.000000 332.239083 -31.154312 -32.228920
3 0.000000 333.987030 0.000000 -0.431901 304.079504 -38.784667
4 333.987030 333.987030 0.000000 333.552372 302.759466 -39.099216
5 0.000000 0.000000 132.000000 -1.610168 -27.119472 100.057640
6 333.987030 0.000000 132.000000 332.374105 -28.439510 99.743091
7 0.000000 333.987030 132.000000 -0.296879 306.794306 93.187344
8 333.987030 333.987030 132.000000 333.687395 305.474267 92.872795

(All distances are in millimeters.)
----------------------------------------------------------------------
