----------------------------------------------------------------------
Transformation Parameters

Patient number: 001
From: pet
To: mr_T1

Point      x          y          z        new_x       new_y       new_z

1 0.000000 0.000000 0.000000 4.225540 -10.865880 -3.121601
2 329.021826 0.000000 0.000000 333.153474 -11.284277 -10.970238
3 0.000000 329.021826 0.000000 4.967183 317.875698 10.435194
4 329.021826 329.021826 0.000000 333.895116 317.457301 2.586557
5 0.000000 0.000000 112.000000 6.889095 -15.485359 108.751389
6 329.021826 0.000000 112.000000 335.817029 -15.903756 100.902752
7 0.000000 329.021826 112.000000 7.630738 313.256219 122.308184
8 329.021826 329.021826 112.000000 336.558672 312.837822 114.459547

(All distances are in millimeters.)
----------------------------------------------------------------------
