----------------------------------------------------------------------
Transformation Parameters

Patient number: 007
From: ct
To: mr_T2_rectified

Point      x          y          z        new_x       new_y       new_z

1 0.000000 0.000000 0.000000 -4.128569 -21.653312 -7.697490
2 333.987030 0.000000 0.000000 329.851764 -21.469872 -9.804652
3 0.000000 333.987030 0.000000 -4.277507 312.288968 -2.232370
4 333.987030 333.987030 0.000000 329.702825 312.472408 -4.339532
5 0.000000 0.000000 108.000000 -3.446305 -23.420206 100.285900
6 333.987030 0.000000 108.000000 330.534027 -23.236766 98.178738
7 0.000000 333.987030 108.000000 -3.595244 310.522074 105.751020
8 333.987030 333.987030 108.000000 330.385089 310.705514 103.643858

(All distances are in millimeters.)
----------------------------------------------------------------------
