----------------------------------------------------------------------
Transformation Parameters

Patient number: 006
From: pet
To: mr_PD

Point      x          y          z        new_x       new_y       new_z

1 0.000000 0.000000 0.000000 4.854463 5.436238 -16.394495
2 329.021826 0.000000 0.000000 333.162422 -0.692944 4.382396
3 0.000000 329.021826 0.000000 10.852385 334.395584 -14.128211
4 329.021826 329.021826 0.000000 339.160344 328.266401 6.648680
5 0.000000 0.000000 112.000000 -2.231080 4.795391 95.379314
6 329.021826 0.000000 112.000000 326.076879 -1.333792 116.156205
7 0.000000 329.021826 112.000000 3.766842 333.754736 97.645598
8 329.021826 329.021826 112.000000 332.074801 327.625553 118.422489

(All distances are in millimeters.)
----------------------------------------------------------------------
