----------------------------------------------------------------------
Transformation Parameters

Patient number: 005
From: ct
To: mr_T2_rectified

Point      x          y          z        new_x       new_y       new_z

1 0.000000 0.000000 0.000000 -5.532435 -32.352923 -22.569719
2 333.987030 0.000000 0.000000 328.442553 -31.064169 -25.096133
3 0.000000 333.987030 0.000000 -6.743574 301.476546 -12.383692
4 333.987030 333.987030 0.000000 327.231414 302.765300 -14.910106
5 0.000000 0.000000 128.000000 -4.549584 -36.253050 105.367074
6 333.987030 0.000000 128.000000 329.425404 -34.964296 102.840660
7 0.000000 333.987030 128.000000 -5.760723 297.576419 115.553101
8 333.987030 333.987030 128.000000 328.214265 298.865173 113.026687

(All distances are in millimeters.)
----------------------------------------------------------------------
