----------------------------------------------------------------------
Transformation Parameters

Patient number: 003
From: ct
To: mr_T2_rectified

Point      x          y          z        new_x       new_y       new_z

1 0.000000 0.000000 0.000000 -0.185874 -32.369146 -31.706707
2 333.987030 0.000000 0.000000 333.800768 -32.734414 -32.061305
3 0.000000 333.987030 0.000000 0.171062 301.527644 -39.461857
4 333.987030 333.987030 0.000000 334.157704 301.162377 -39.816455
5 0.000000 0.000000 132.000000 -0.042414 -29.304271 100.257629
6 333.987030 0.000000 132.000000 333.944228 -29.669538 99.903031
7 0.000000 333.987030 132.000000 0.314522 304.592520 92.502479
8 333.987030 333.987030 132.000000 334.301164 304.227252 92.147881

(All distances are in millimeters.)
----------------------------------------------------------------------
