----------------------------------------------------------------------
Transformation Parameters

Patient number: 002
From: ct
To: mr_T1

Point      x          y          z        new_x       new_y       new_z

1 0.000000 0.000000 0.000000 -1.894260 -22.709018 -2.292218
2 333.987030 0.000000 0.000000 332.066927 -26.856840 -2.531017
3 0.000000 333.987030 0.000000 2.252726 311.250331 -3.428774
4 333.987030 333.987030 0.000000 336.213914 307.102509 -3.667573
5 0.000000 0.000000 112.000000 -1.809454 -22.328907 109.707105
6 333.987030 0.000000 112.000000 332.151734 -26.476729 109.468306
7 0.000000 333.987030 112.000000 2.337533 311.630442 108.570549
8 333.987030 333.987030 112.000000 336.298720 307.482620 108.331750

(All distances are in millimeters.)
----------------------------------------------------------------------
