----------------------------------------------------------------------
Transformation Parameters

Patient number: 002
From: pet
To: mr_PD

Point      x          y          z        new_x       new_y       new_z

1 0.000000 0.000000 0.000000 5.166097 4.903600 -21.652799
2 329.021826 0.000000 0.000000 333.952044 2.652697 -9.401427
3 0.000000 329.021826 0.000000 7.098433 333.808092 -13.081763
4 329.021826 329.021826 0.000000 335.884380 331.557190 -0.830391
5 0.000000 0.000000 112.000000 0.977221 2.012578 90.231495
6 329.021826 0.000000 112.000000 329.763169 -0.238324 102.482867
7 0.000000 329.021826 112.000000 2.909557 330.917071 98.802531
8 329.021826 329.021826 112.000000 331.695505 328.666168 111.053903

(All distances are in millimeters.)
----------------------------------------------------------------------
