----------------------------------------------------------------------
Transformation Parameters

Patient number: 001
From: ct
To: mr_T1

Point      x          y          z        new_x       new_y       new_z

1 0.000000 0.000000 0.000000 -1.107001 -20.838441 -5.522088
2 333.987030 0.000000 0.000000 332.831445 -22.574238 -10.947736
3 0.000000 333.987030 0.000000 0.765723 313.036477 2.925881
4 333.987030 333.987030 0.000000 334.704169 311.300680 -2.499767
5 0.000000 0.000000 108.000000 0.632681 -23.579666 102.429101
6 333.987030 0.000000 108.000000 334.571127 -25.315463 97.003453
7 0.000000 333.987030 108.000000 2.505405 310.295252 110.877070
8 333.987030 333.987030 108.000000 336.443851 308.559455 105.451422

(All distances are in millimeters.)
----------------------------------------------------------------------
