----------------------------------------------------------------------
Transformation Parameters

Patient number: 002
From: ct
To: mr_T2

Point      x          y          z        new_x       new_y       new_z

1 0.000000 0.000000 0.000000 0.038914 -31.346637 -24.085701
2 333.987030 0.000000 0.000000 334.025294 -32.005169 -24.114080
3 0.000000 333.987030 0.000000 0.697969 302.520532 -15.162963
4 333.987030 333.987030 0.000000 334.684348 301.862000 -15.191342
5 0.000000 0.000000 112.000000 0.042528 -34.338822 87.874322
6 333.987030 0.000000 112.000000 334.028907 -34.997354 87.845943
7 0.000000 333.987030 112.000000 0.701582 299.528347 96.797060
8 333.987030 333.987030 112.000000 334.687962 298.869815 96.768681

(All distances are in millimeters.)
----------------------------------------------------------------------
