----------------------------------------------------------------------
Transformation Parameters

Patient number: 008
From: pet
To: mr_T1

Point      x          y          z        new_x       new_y       new_z

1 0.000000 0.000000 0.000000 3.894213 11.542170 -43.111065
2 329.021826 0.000000 0.000000 332.120877 4.642360 -21.316300
3 0.000000 329.021826 0.000000 9.376701 339.824003 -21.748896
4 329.021826 329.021826 0.000000 337.603365 332.924193 0.045869
5 0.000000 0.000000 112.000000 -3.660597 4.411621 68.406109
6 329.021826 0.000000 112.000000 324.566067 -2.488189 90.200874
7 0.000000 329.021826 112.000000 1.821891 332.693454 89.768278
8 329.021826 329.021826 112.000000 330.048555 325.793644 111.563043

(All distances are in millimeters.)
----------------------------------------------------------------------
