----------------------------------------------------------------------
Transformation Parameters

Patient number: 007
From: ct
To: mr_PD_rectified

Point      x          y          z        new_x       new_y       new_z

1 0.000000 0.000000 0.000000 -4.010001 -21.936375 -5.944501
2 333.987030 0.000000 0.000000 329.969720 -21.803107 -8.150097
3 0.000000 333.987030 0.000000 -4.130234 312.044801 -3.970650
4 333.987030 333.987030 0.000000 329.849486 312.178069 -6.176245
5 0.000000 0.000000 108.000000 -3.296544 -22.574381 102.051257
6 333.987030 0.000000 108.000000 330.683176 -22.441113 99.845662
7 0.000000 333.987030 108.000000 -3.416778 311.406795 104.025109
8 333.987030 333.987030 108.000000 330.562943 311.540063 101.819513

(All distances are in millimeters.)
----------------------------------------------------------------------
