----------------------------------------------------------------------
Transformation Parameters

Patient number: 007
From: pet
To: mr_T1

Point      x          y          z        new_x       new_y       new_z

1 0.000000 0.000000 0.000000 17.964071 -12.780707 -3.808007
2 329.021826 0.000000 0.000000 346.028750 12.296702 -4.034703
3 0.000000 329.021826 0.000000 -7.113625 315.283734 -4.247909
4 329.021826 329.021826 0.000000 320.951055 340.361143 -4.474605
5 0.000000 0.000000 112.000000 18.029601 -12.625517 108.191867
6 329.021826 0.000000 112.000000 346.094280 12.451892 107.965171
7 0.000000 329.021826 112.000000 -7.048094 315.438924 107.751965
8 329.021826 329.021826 112.000000 321.016585 340.516333 107.525269

(All distances are in millimeters.)
----------------------------------------------------------------------
