----------------------------------------------------------------------
Transformation Parameters

Patient number: 007
From: ct
To: mr_PD

Point      x          y          z        new_x       new_y       new_z

1 0.000000 0.000000 0.000000 -6.536392 -21.143821 -7.516944
2 333.987030 0.000000 0.000000 327.371808 -20.664716 -14.757153
3 0.000000 333.987030 0.000000 -6.891368 312.793922 -1.790349
4 333.987030 333.987030 0.000000 327.016832 313.273027 -9.030558
5 0.000000 0.000000 108.000000 -4.192844 -22.992681 100.441796
6 333.987030 0.000000 108.000000 329.715356 -22.513576 93.201587
7 0.000000 333.987030 108.000000 -4.547820 310.945062 106.168391
8 333.987030 333.987030 108.000000 329.360380 311.424167 98.928182

(All distances are in millimeters.)
----------------------------------------------------------------------
