----------------------------------------------------------------------
Transformation Parameters

Patient number: 001
From: ct
To: mr_PD

Point      x          y          z        new_x       new_y       new_z

1 0.000000 0.000000 0.000000 -1.452149 -20.403588 -5.523387
2 333.987030 0.000000 0.000000 332.485956 -23.355435 -10.418822
3 0.000000 333.987030 0.000000 1.625802 313.457257 3.125242
4 333.987030 333.987030 0.000000 335.563906 310.505410 -1.770192
5 0.000000 0.000000 108.000000 0.105552 -23.214438 102.428790
6 333.987030 0.000000 108.000000 334.043656 -26.166285 97.533356
7 0.000000 333.987030 108.000000 3.183502 310.646407 111.077420
8 333.987030 333.987030 108.000000 337.121607 307.694560 106.181985

(All distances are in millimeters.)
----------------------------------------------------------------------
