----------------------------------------------------------------------
Transformation Parameters

Patient number: 004
From: ct
To: mr_T2

Point      x          y          z        new_x       new_y       new_z

1 0.000000 0.000000 0.000000 -0.760582 -28.454080 -37.122266
2 333.987030 0.000000 0.000000 333.223356 -29.864705 -37.397138
3 0.000000 333.987030 0.000000 0.649841 305.529881 -37.368081
4 333.987030 333.987030 0.000000 334.633779 304.119256 -37.642952
5 0.000000 0.000000 104.000000 -0.674667 -28.377898 66.877670
6 333.987030 0.000000 104.000000 333.309271 -29.788523 66.602799
7 0.000000 333.987030 104.000000 0.735756 305.606063 66.631856
8 333.987030 333.987030 104.000000 334.719694 304.195438 66.356984

(All distances are in millimeters.)
----------------------------------------------------------------------
