----------------------------------------------------------------------
Transformation Parameters

Patient number: 001
From: pet
To: mr_T2_rectified

Point      x          y          z        new_x       new_y       new_z

1 0.000000 0.000000 0.000000 6.964491 -12.216841 2.538298
2 329.021826 0.000000 0.000000 335.985730 -12.821595 2.681094
3 0.000000 329.021826 0.000000 7.569233 316.804428 2.566265
4 329.021826 329.021826 0.000000 336.590472 316.199674 2.709061
5 0.000000 0.000000 112.000000 6.915866 -12.226272 114.538287
6 329.021826 0.000000 112.000000 335.937105 -12.831026 114.681083
7 0.000000 329.021826 112.000000 7.520608 316.794997 114.566254
8 329.021826 329.021826 112.000000 336.541847 316.190243 114.709050

(All distances are in millimeters.)
----------------------------------------------------------------------
