----------------------------------------------------------------------
Transformation Parameters

Patient number: 006
From: ct
To: mr_T1

Point      x          y          z        new_x       new_y       new_z

1 0.000000 0.000000 0.000000 -8.697517 -29.815080 -22.443805
2 333.987030 0.000000 0.000000 325.288554 -30.559439 -22.149253
3 0.000000 333.987030 0.000000 -7.949448 304.143744 -26.719390
4 333.987030 333.987030 0.000000 326.036623 303.399385 -26.424838
5 0.000000 0.000000 116.000000 -8.796503 -28.329863 93.546644
6 333.987030 0.000000 116.000000 325.189568 -29.074222 93.841196
7 0.000000 333.987030 116.000000 -8.048433 305.628961 89.271059
8 333.987030 333.987030 116.000000 325.937637 304.884602 89.565611

(All distances are in millimeters.)
----------------------------------------------------------------------
