----------------------------------------------------------------------
Transformation Parameters

Patient number: 003
From: ct
To: mr_T2

Point      x          y          z        new_x       new_y       new_z

1 0.000000 0.000000 0.000000 -1.646831 -30.041121 -34.981048
2 333.987030 0.000000 0.000000 332.336647 -31.554874 -34.695155
3 0.000000 333.987030 0.000000 -0.133207 303.942445 -34.830753
4 333.987030 333.987030 0.000000 333.850271 302.428693 -34.544861
5 0.000000 0.000000 132.000000 -1.760091 -30.100009 97.018891
6 333.987030 0.000000 132.000000 332.223387 -31.613761 97.304783
7 0.000000 333.987030 132.000000 -0.246467 303.883558 97.169185
8 333.987030 333.987030 132.000000 333.737011 302.369805 97.455078

(All distances are in millimeters.)
----------------------------------------------------------------------
