----------------------------------------------------------------------
Transformation Parameters

Patient number: 006
From: ct
To: mr_PD_rectified

Point      x          y          z        new_x       new_y       new_z

1 0.000000 0.000000 0.000000 -7.520667 -29.653664 -23.418876
2 333.987030 0.000000 0.000000 326.451598 -31.018447 -26.247248
3 0.000000 333.987030 0.000000 -6.128677 304.314998 -20.204635
4 333.987030 333.987030 0.000000 327.843588 302.950215 -23.033006
5 0.000000 0.000000 116.000000 -6.542936 -30.774075 92.571592
6 333.987030 0.000000 116.000000 327.429329 -32.138858 89.743221
7 0.000000 333.987030 116.000000 -5.150946 303.194587 95.785834
8 333.987030 333.987030 116.000000 328.821319 301.829804 92.957462

(All distances are in millimeters.)
----------------------------------------------------------------------
