----------------------------------------------------------------------
Transformation Parameters

Patient number: 007
From: pet
To: mr_T2_rectified

Point      x          y          z        new_x       new_y       new_z

1 0.000000 0.000000 0.000000 12.547655 -7.016697 7.469833
2 329.021826 0.000000 0.000000 341.412985 2.828348 5.013889
3 0.000000 329.021826 0.000000 2.673287 321.832716 3.479554
4 329.021826 329.021826 0.000000 331.538617 331.677761 1.023610
5 0.000000 0.000000 112.000000 13.342584 -5.633951 119.458476
6 329.021826 0.000000 112.000000 342.207914 4.211094 117.002532
7 0.000000 329.021826 112.000000 3.468217 323.215462 115.468197
8 329.021826 329.021826 112.000000 332.333547 333.060507 113.012253

(All distances are in millimeters.)
----------------------------------------------------------------------
