----------------------------------------------------------------------
Transformation Parameters

Patient number: 008
From: pet
To: mr_PD

Point      x          y          z        new_x       new_y       new_z

1 0.000000 0.000000 0.000000 0.600359 14.717826 -21.747460
2 329.021826 0.000000 0.000000 329.616929 12.858205 -21.730680
3 0.000000 329.021826 0.000000 2.459980 343.734396 -21.762595
4 329.021826 329.021826 0.000000 331.476550 341.874776 -21.745815
5 0.000000 0.000000 112.000000 0.594676 14.723010 90.252539
6 329.021826 0.000000 112.000000 329.611246 12.863390 90.269319
7 0.000000 329.021826 112.000000 2.454297 343.739580 90.237404
8 329.021826 329.021826 112.000000 331.470867 341.879960 90.254184

(All distances are in millimeters.)
----------------------------------------------------------------------
