----------------------------------------------------------------------
Transformation Parameters

Patient number: 005
From: pet
To: mr_PD

Point      x          y          z        new_x       new_y       new_z

1 0.000000 0.000000 0.000000 53.835894 23.216032 -3.206764
2 246.766339 0.000000 0.000000 300.493259 30.108394 -0.703612
3 0.000000 246.766339 0.000000 46.938942 269.885614 -2.788248
4 246.766339 246.766339 0.000000 293.596307 276.777977 -0.285097
5 0.000000 0.000000 112.000000 52.705538 22.994410 108.787313
6 246.766339 0.000000 112.000000 299.362903 29.886773 111.290464
7 0.000000 246.766339 112.000000 45.808586 269.663993 109.205828
8 246.766339 246.766339 112.000000 292.465951 276.556355 111.708980

(All distances are in millimeters.)
----------------------------------------------------------------------
