----------------------------------------------------------------------
Transformation Parameters

Patient number: 005
From: pet
To: mr_T1

Point      x          y          z        new_x       new_y       new_z

1 0.000000 0.000000 0.000000 52.004176 23.244091 8.103573
2 246.766339 0.000000 0.000000 298.758250 25.701398 7.982221
3 0.000000 246.766339 0.000000 49.544434 269.382434 -9.317446
4 246.766339 246.766339 0.000000 296.298508 271.839741 -9.438798
5 0.000000 0.000000 112.000000 51.980377 31.151136 119.824108
6 246.766339 0.000000 112.000000 298.734451 33.608443 119.702756
7 0.000000 246.766339 112.000000 49.520635 277.289479 102.403089
8 246.766339 246.766339 112.000000 296.274709 279.746786 102.281737

(All distances are in millimeters.)
----------------------------------------------------------------------
