----------------------------------------------------------------------
Transformation Parameters

Patient number: 005
From: ct
To: mr_PD_rectified

Point      x          y          z        new_x       new_y       new_z

1 0.000000 0.000000 0.000000 -4.998578 -32.867230 -22.551115
2 333.987030 0.000000 0.000000 328.965985 -30.225849 -25.384824
3 0.000000 333.987030 0.000000 -7.537240 300.897384 -10.631645
4 333.987030 333.987030 0.000000 326.427323 303.538766 -13.465355
5 0.000000 0.000000 128.000000 -3.877159 -37.426786 105.362735
6 333.987030 0.000000 128.000000 330.087404 -34.785404 102.529025
7 0.000000 333.987030 128.000000 -6.415821 296.337829 117.282204
8 333.987030 333.987030 128.000000 327.548742 298.979210 114.448495

(All distances are in millimeters.)
----------------------------------------------------------------------
