----------------------------------------------------------------------
Transformation Parameters

Patient number: 002
From: pet
To: mr_T1

Point      x          y          z        new_x       new_y       new_z

1 0.000000 0.000000 0.000000 5.955860 12.403386 -25.671734
2 329.021826 0.000000 0.000000 334.629388 10.409976 -10.668411
3 0.000000 329.021826 0.000000 7.501566 341.274585 -15.837749
4 329.021826 329.021826 0.000000 336.175095 339.281175 -0.834427
5 0.000000 0.000000 112.000000 0.830741 9.083405 86.161673
6 329.021826 0.000000 112.000000 329.504270 7.089995 101.164995
7 0.000000 329.021826 112.000000 2.376447 337.954604 95.995657
8 329.021826 329.021826 112.000000 331.049976 335.961194 110.998980

(All distances are in millimeters.)
----------------------------------------------------------------------
