----------------------------------------------------------------------
Transformation Parameters

Patient number: 001
From: pet
To: mr_PD_rectified

Point      x          y          z        new_x       new_y       new_z

1 0.000000 0.000000 0.000000 5.032795 -10.166771 5.104001
2 329.021826 0.000000 0.000000 333.970727 -13.667419 -1.449188
3 0.000000 329.021826 0.000000 8.614187 318.810858 9.135734
4 329.021826 329.021826 0.000000 337.552119 315.310210 2.582544
5 0.000000 0.000000 112.000000 7.248619 -11.563116 117.073374
6 329.021826 0.000000 112.000000 336.186551 -15.063764 110.520184
7 0.000000 329.021826 112.000000 10.830011 317.414513 121.105106
8 329.021826 329.021826 112.000000 339.767943 313.913865 114.551917

(All distances are in millimeters.)
----------------------------------------------------------------------
