----------------------------------------------------------------------
Transformation Parameters

Patient number: 007
From: pet
To: mr_T1_rectified

Point      x          y          z        new_x       new_y       new_z

1 0.000000 0.000000 0.000000 5.716427 0.591606 -2.251091
2 329.021826 0.000000 0.000000 334.681914 -5.488761 -1.936218
3 0.000000 329.021826 0.000000 11.796059 329.556392 -1.496644
4 329.021826 329.021826 0.000000 340.761546 323.476025 -1.181771
5 0.000000 0.000000 112.000000 5.604516 0.336815 109.748563
6 329.021826 0.000000 112.000000 334.570003 -5.743553 110.063436
7 0.000000 329.021826 112.000000 11.684148 329.301601 110.503010
8 329.021826 329.021826 112.000000 340.649635 323.221234 110.817883

(All distances are in millimeters.)
----------------------------------------------------------------------
