----------------------------------------------------------------------
Transformation Parameters

Patient number: 006
From: pet
To: mr_PD_rectified

Point      x          y          z        new_x       new_y       new_z

1 0.000000 0.000000 0.000000 1.763312 11.054153 -11.349570
2 329.021826 0.000000 0.000000 329.944870 -4.873296 5.928831
3 0.000000 329.021826 0.000000 17.778582 339.683576 -12.604785
4 329.021826 329.021826 0.000000 345.960140 323.756127 4.673615
5 0.000000 0.000000 112.000000 -4.090608 11.766631 100.495073
6 329.021826 0.000000 112.000000 324.090950 -4.160818 117.773473
7 0.000000 329.021826 112.000000 11.924662 340.396053 99.239857
8 329.021826 329.021826 112.000000 340.106220 324.468605 116.518258

(All distances are in millimeters.)
----------------------------------------------------------------------
