----------------------------------------------------------------------
Transformation Parameters

Patient number: 003
From: ct
To: mr_PD

Point      x          y          z        new_x       new_y       new_z

1 0.000000 0.000000 0.000000 2.751117 -39.314413 -52.008309
2 333.987030 0.000000 0.000000 336.667869 -32.565654 -50.827844
3 0.000000 333.987030 0.000000 -3.976257 294.554874 -57.785663
4 333.987030 333.987030 0.000000 329.940494 301.303633 -56.605198
5 0.000000 0.000000 132.000000 2.238594 -37.040937 79.971116
6 333.987030 0.000000 132.000000 336.155345 -30.292178 81.151581
7 0.000000 333.987030 132.000000 -4.488781 296.828350 74.193762
8 333.987030 333.987030 132.000000 329.427971 303.577109 75.374227

(All distances are in millimeters.)
----------------------------------------------------------------------
