----------------------------------------------------------------------
Transformation Parameters

Patient number: 001
From: ct
To: mr_T2

Point      x          y          z        new_x       new_y       new_z

1 0.000000 0.000000 0.000000 -2.836656 -19.664486 -5.291912
2 333.987030 0.000000 0.000000 331.058580 -25.140915 -10.888005
3 0.000000 333.987030 0.000000 2.785808 314.159698 3.490934
4 333.987030 333.987030 0.000000 336.681044 308.683269 -2.105158
5 0.000000 0.000000 108.000000 -1.074522 -22.534241 102.655572
6 333.987030 0.000000 108.000000 332.820714 -28.010670 97.059480
7 0.000000 333.987030 108.000000 4.547942 311.289943 111.438419
8 333.987030 333.987030 108.000000 338.443178 305.813514 105.842326

(All distances are in millimeters.)
----------------------------------------------------------------------
