----------------------------------------------------------------------
Transformation Parameters

Patient number: 006
From: pet
To: mr_T1

Point      x          y          z        new_x       new_y       new_z

1 0.000000 0.000000 0.000000 7.942601 -0.526536 -6.285054
2 329.021826 0.000000 0.000000 336.897868 3.958854 -1.419328
3 0.000000 329.021826 0.000000 3.458502 328.464711 -6.405476
4 329.021826 329.021826 0.000000 332.413769 332.950101 -1.539750
5 0.000000 0.000000 112.000000 6.285889 -0.508125 105.702690
6 329.021826 0.000000 112.000000 335.241156 3.977265 110.568416
7 0.000000 329.021826 112.000000 1.801789 328.483121 105.582268
8 329.021826 329.021826 112.000000 330.757057 332.968511 110.447994

(All distances are in millimeters.)
----------------------------------------------------------------------
