----------------------------------------------------------------------
Transformation Parameters

Patient number: 002
From: ct
To: mr_T1_rectified

Point      x          y          z        new_x       new_y       new_z

1 0.000000 0.000000 0.000000 3.052961 -27.166804 -18.310798
2 333.987030 0.000000 0.000000 337.038434 -26.415568 -19.000454
3 0.000000 333.987030 0.000000 2.307866 306.806274 -15.350376
4 333.987030 333.987030 0.000000 336.293339 307.557510 -16.040031
5 0.000000 0.000000 112.000000 3.286455 -28.159038 93.684563
6 333.987030 0.000000 112.000000 337.271928 -27.407802 92.994908
7 0.000000 333.987030 112.000000 2.541360 305.814040 96.644986
8 333.987030 333.987030 112.000000 336.526833 306.565276 95.955330

(All distances are in millimeters.)
----------------------------------------------------------------------
