----------------------------------------------------------------------
Transformation Parameters

Patient number: 004
From: ct
To: mr_T1_rectified

Point      x          y          z        new_x       new_y       new_z

1 0.000000 0.000000 0.000000 1.217561 -30.186590 -34.923148
2 333.987030 0.000000 0.000000 335.203050 -29.563028 -35.723714
3 0.000000 333.987030 0.000000 0.595010 303.799593 -34.500989
4 333.987030 333.987030 0.000000 334.580499 304.423155 -35.301554
5 0.000000 0.000000 104.000000 1.467093 -30.317581 69.076470
6 333.987030 0.000000 104.000000 335.452582 -29.694019 68.275905
7 0.000000 333.987030 104.000000 0.844542 303.668602 69.498630
8 333.987030 333.987030 104.000000 334.830031 304.292164 68.698064

(All distances are in millimeters.)
----------------------------------------------------------------------
