----------------------------------------------------------------------
Transformation Parameters

Patient number: 001
From: ct
To: mr_PD_rectified

Point      x          y          z        new_x       new_y       new_z

1 0.000000 0.000000 0.000000 0.596998 -20.579008 -0.949928
2 333.987030 0.000000 0.000000 334.561610 -24.058660 -2.642892
3 0.000000 333.987030 0.000000 4.082404 313.387922 0.180282
4 333.987030 333.987030 0.000000 338.047016 309.908270 -1.512682
5 0.000000 0.000000 108.000000 1.140604 -20.950168 107.048066
6 333.987030 0.000000 108.000000 335.105216 -24.429820 105.355102
7 0.000000 333.987030 108.000000 4.626010 313.016762 108.178276
8 333.987030 333.987030 108.000000 338.590622 309.537111 106.485312

(All distances are in millimeters.)
----------------------------------------------------------------------
