----------------------------------------------------------------------
Transformation Parameters

Patient number: 004
From: ct
To: mr_PD

Point      x          y          z        new_x       new_y       new_z

1 0.000000 0.000000 0.000000 0.210861 -28.264573 -37.237860
2 333.987030 0.000000 0.000000 334.196476 -27.392049 -37.666633
3 0.000000 333.987030 0.000000 -0.654032 305.670255 -31.396724
4 333.987030 333.987030 0.000000 333.331583 306.542779 -31.825498
5 0.000000 0.000000 104.000000 0.349107 -30.083087 66.746148
6 333.987030 0.000000 104.000000 334.334722 -29.210563 66.317374
7 0.000000 333.987030 104.000000 -0.515786 303.851741 72.587283
8 333.987030 333.987030 104.000000 333.469829 304.724265 72.158510

(All distances are in millimeters.)
----------------------------------------------------------------------
