----------------------------------------------------------------------
Transformation Parameters

Patient number: 007
From: pet
To: mr_PD_rectified

Point      x          y          z        new_x       new_y       new_z

1 0.000000 0.000000 0.000000 14.200137 -6.900730 2.434662
2 329.021826 0.000000 0.000000 342.830933 2.969685 15.073357
3 0.000000 329.021826 0.000000 4.674643 321.858127 -6.634005
4 329.021826 329.021826 0.000000 333.305439 331.728542 6.004690
5 0.000000 0.000000 112.000000 9.808718 -3.941952 114.309418
6 329.021826 0.000000 112.000000 338.439514 5.928463 126.948113
7 0.000000 329.021826 112.000000 0.283225 324.816905 105.240751
8 329.021826 329.021826 112.000000 328.914021 334.687320 117.879446

(All distances are in millimeters.)
----------------------------------------------------------------------
