----------------------------------------------------------------------
Transformation Parameters

Patient number: 004
From: ct
To: mr_T1

Point      x          y          z        new_x       new_y       new_z

1 0.000000 0.000000 0.000000 -0.449466 -29.351582 -33.641747
2 333.987030 0.000000 0.000000 333.537446 -29.260799 -33.376896
3 0.000000 333.987030 0.000000 -0.540979 304.634171 -32.722616
4 333.987030 333.987030 0.000000 333.445934 304.724954 -32.457765
5 0.000000 0.000000 104.000000 -0.531860 -29.637812 70.357827
6 333.987030 0.000000 104.000000 333.455053 -29.547029 70.622678
7 0.000000 333.987030 104.000000 -0.623372 304.347941 71.276958
8 333.987030 333.987030 104.000000 333.363541 304.438724 71.541809

(All distances are in millimeters.)
----------------------------------------------------------------------
