----------------------------------------------------------------------
Transformation Parameters

Patient number: 007
From: pet
To: mr_T2

Point      x          y          z        new_x       new_y       new_z

1 0.000000 0.000000 0.000000 4.830248 -1.356224 6.316128
2 329.021826 0.000000 0.000000 333.851954 -1.553989 6.514528
3 0.000000 329.021826 0.000000 5.027990 327.665540 6.355281
4 329.021826 329.021826 0.000000 334.049696 327.467775 6.553681
5 0.000000 0.000000 112.000000 4.762704 -1.369511 118.316107
6 329.021826 0.000000 112.000000 333.784410 -1.567277 118.514507
7 0.000000 329.021826 112.000000 4.960446 327.652253 118.355260
8 329.021826 329.021826 112.000000 333.982152 327.454487 118.553660

(All distances are in millimeters.)
----------------------------------------------------------------------
