----------------------------------------------------------------------
Transformation Parameters

Patient number: 002
From: ct
To: mr_T2

Point      x          y          z        new_x       new_y       new_z

1 0.000000 0.000000 0.000000 0.770570 -33.058128 -18.486364
2 333.987030 0.000000 0.000000 334.754799 -33.403671 -17.162779
3 0.000000 333.987030 0.000000 1.113908 300.928261 -17.929274
4 333.987030 333.987030 0.000000 335.098137 300.582718 -16.605689
5 0.000000 0.000000 112.000000 0.326523 -33.244486 93.512601
6 333.987030 0.000000 112.000000 334.310752 -33.590029 94.836186
7 0.000000 333.987030 112.000000 0.669861 300.741903 94.069691
8 333.987030 333.987030 112.000000 334.654090 300.396360 95.393276

(All distances are in millimeters.)
----------------------------------------------------------------------
