----------------------------------------------------------------------
Transformation Parameters

Patient number: 001
From: pet
To: mr_T2

Point      x          y          z        new_x       new_y       new_z

1 0.000000 0.000000 0.000000 10.784574 -14.431810 14.687834
2 329.021826 0.000000 0.000000 339.804841 -14.238005 15.681795
3 0.000000 329.021826 0.000000 10.595718 314.585886 13.050299
4 329.021826 329.021826 0.000000 339.615985 314.779691 14.044260
5 0.000000 0.000000 112.000000 10.445903 -13.874585 126.685936
6 329.021826 0.000000 112.000000 339.466170 -13.680781 127.679897
7 0.000000 329.021826 112.000000 10.257046 315.143111 125.048401
8 329.021826 329.021826 112.000000 339.277314 315.336916 126.042362

(All distances are in millimeters.)
----------------------------------------------------------------------
