----------------------------------------------------------------------
Transformation Parameters

Patient number: 007
From: ct
To: mr_PD

Point      x          y          z        new_x       new_y       new_z

1 0.000000 0.000000 0.000000 -6.204169 -21.637755 -8.764016
2 333.987030 0.000000 0.000000 327.782033 -22.344060 -8.996805
3 0.000000 333.987030 0.000000 -5.498121 312.348325 -9.132403
4 333.987030 333.987030 0.000000 328.488081 311.642021 -9.365192
5 0.000000 0.000000 108.000000 -6.128641 -21.518791 99.235892
6 333.987030 0.000000 108.000000 327.857561 -22.225095 99.003103
7 0.000000 333.987030 108.000000 -5.422593 312.467290 98.867505
8 333.987030 333.987030 108.000000 328.563609 311.760985 98.634716

(All distances are in millimeters.)
----------------------------------------------------------------------
