----------------------------------------------------------------------
Transformation Parameters

Patient number: 006
From: ct
To: mr_PD_rectified

Point      x          y          z        new_x       new_y       new_z

1 0.000000 0.000000 0.000000 -6.408804 -32.162948 -21.255209
2 333.987030 0.000000 0.000000 327.575421 -32.752249 -20.019799
3 0.000000 333.987030 0.000000 -5.815980 301.822198 -22.207404
4 333.987030 333.987030 0.000000 328.168245 301.232898 -20.971994
5 0.000000 0.000000 116.000000 -6.837299 -31.831474 94.743526
6 333.987030 0.000000 116.000000 327.146926 -32.420774 95.978936
7 0.000000 333.987030 116.000000 -6.244475 302.153673 93.791331
8 333.987030 333.987030 116.000000 327.739750 301.564372 95.026741

(All distances are in millimeters.)
----------------------------------------------------------------------
