----------------------------------------------------------------------
Transformation Parameters

Patient number: 001
From: pet
To: mr_T1_rectified

Point      x          y          z        new_x       new_y       new_z

1 0.000000 0.000000 0.000000 8.129099 -14.001247 9.150981
2 329.021826 0.000000 0.000000 337.149266 -13.749560 10.165021
3 0.000000 329.021826 0.000000 7.874437 315.019065 10.116001
4 329.021826 329.021826 0.000000 336.894604 315.270752 11.130040
5 0.000000 0.000000 112.000000 7.784170 -14.330008 121.149968
6 329.021826 0.000000 112.000000 336.804337 -14.078321 122.164007
7 0.000000 329.021826 112.000000 7.529508 314.690304 122.114987
8 329.021826 329.021826 112.000000 336.549675 314.941991 123.129027

(All distances are in millimeters.)
----------------------------------------------------------------------
