----------------------------------------------------------------------
Transformation Parameters

Patient number: 001
From: pet
To: mr_PD_rectified

Point      x          y          z        new_x       new_y       new_z

1 0.000000 0.000000 0.000000 9.375489 -8.542484 17.952530
2 329.021826 0.000000 0.000000 338.394511 -8.727973 19.298225
3 0.000000 329.021826 0.000000 9.559741 320.479151 18.255230
4 329.021826 329.021826 0.000000 338.578763 320.293662 19.600925
5 0.000000 0.000000 112.000000 8.917353 -8.645267 129.951545
6 329.021826 0.000000 112.000000 337.936374 -8.830755 131.297240
7 0.000000 329.021826 112.000000 9.101605 320.376368 130.254245
8 329.021826 329.021826 112.000000 338.120627 320.190880 131.599940

(All distances are in millimeters.)
----------------------------------------------------------------------
