----------------------------------------------------------------------
Transformation Parameters

Patient number: 002
From: ct
To: mr_T1_rectified

Point      x          y          z        new_x       new_y       new_z

1 0.000000 0.000000 0.000000 2.893020 -27.296431 -16.273751
2 333.987030 0.000000 0.000000 336.879970 -27.113937 -16.415362
3 0.000000 333.987030 0.000000 2.710663 306.690393 -15.950452
4 333.987030 333.987030 0.000000 336.697613 306.872887 -16.092062
5 0.000000 0.000000 112.000000 2.940567 -27.404821 95.726186
6 333.987030 0.000000 112.000000 336.927517 -27.222327 95.584576
7 0.000000 333.987030 112.000000 2.758210 306.582003 96.049486
8 333.987030 333.987030 112.000000 336.745160 306.764497 95.907875

(All distances are in millimeters.)
----------------------------------------------------------------------
