----------------------------------------------------------------------
Transformation Parameters

Patient number: 006
From: ct
To: mr_PD

Point      x          y          z        new_x       new_y       new_z

1 0.000000 0.000000 0.000000 -8.016232 -30.775561 -23.901770
2 333.987030 0.000000 0.000000 325.969544 -30.976270 -24.794516
3 0.000000 333.987030 0.000000 -7.816508 303.211206 -24.270491
4 333.987030 333.987030 0.000000 326.169268 303.010497 -25.163237
5 0.000000 0.000000 116.000000 -7.706088 -30.647683 92.097745
6 333.987030 0.000000 116.000000 326.279688 -30.848392 91.204999
7 0.000000 333.987030 116.000000 -7.506364 303.339084 91.729024
8 333.987030 333.987030 116.000000 326.479412 303.138375 90.836278

(All distances are in millimeters.)
----------------------------------------------------------------------
