----------------------------------------------------------------------
Transformation Parameters

Patient number: 002
From: pet
To: mr_PD

Point      x          y          z        new_x       new_y       new_z

1 0.000000 0.000000 0.000000 5.404053 1.749527 -14.948449
2 329.021826 0.000000 0.000000 334.425470 1.579239 -15.438685
3 0.000000 329.021826 0.000000 5.576788 330.767203 -13.304992
4 329.021826 329.021826 0.000000 334.598204 330.596915 -13.795228
5 0.000000 0.000000 112.000000 5.570640 1.190002 97.050030
6 329.021826 0.000000 112.000000 334.592056 1.019715 96.559794
7 0.000000 329.021826 112.000000 5.743374 330.207678 98.693487
8 329.021826 329.021826 112.000000 334.764790 330.037391 98.203251

(All distances are in millimeters.)
----------------------------------------------------------------------
