----------------------------------------------------------------------
Transformation Parameters

Patient number: 007
From: ct
To: mr_T2

Point      x          y          z        new_x       new_y       new_z

1 0.000000 0.000000 0.000000 -6.290297 -21.518173 -10.189636
2 333.987030 0.000000 0.000000 327.696709 -21.634815 -10.139872
3 0.000000 333.987030 0.000000 -6.173736 312.468399 -9.649245
4 333.987030 333.987030 0.000000 327.813270 312.351757 -9.599481
5 0.000000 0.000000 108.000000 -6.306450 -21.692911 97.810221
6 333.987030 0.000000 108.000000 327.680556 -21.809553 97.859985
7 0.000000 333.987030 108.000000 -6.189889 312.293661 98.350612
8 333.987030 333.987030 108.000000 327.797117 312.177019 98.400376

(All distances are in millimeters.)
----------------------------------------------------------------------
