----------------------------------------------------------------------
Transformation Parameters

Patient number: 005
From: ct
To: mr_PD

Point      x          y          z        new_x       new_y       new_z

1 0.000000 0.000000 0.000000 -6.498278 -31.078886 -17.377723
2 333.987030 0.000000 0.000000 327.488135 -31.518616 -17.845303
3 0.000000 333.987030 0.000000 -6.059754 302.906746 -18.238740
4 333.987030 333.987030 0.000000 327.926659 302.467016 -18.706320
5 0.000000 0.000000 128.000000 -6.318645 -30.749138 110.621726
6 333.987030 0.000000 128.000000 327.667768 -31.188868 110.154146
7 0.000000 333.987030 128.000000 -5.880121 303.236494 109.760709
8 333.987030 333.987030 128.000000 328.106292 302.796764 109.293129

(All distances are in millimeters.)
----------------------------------------------------------------------
