----------------------------------------------------------------------
Transformation Parameters

Patient number: 007
From: ct
To: mr_T2_rectified

Point      x          y          z        new_x       new_y       new_z

1 0.000000 0.000000 0.000000 -4.321485 -22.718896 -6.359649
2 333.987030 0.000000 0.000000 329.665359 -22.937740 -6.636191
3 0.000000 333.987030 0.000000 -4.102724 311.268047 -6.459512
4 333.987030 333.987030 0.000000 329.884120 311.049203 -6.736053
5 0.000000 0.000000 108.000000 -4.232040 -22.686663 101.640309
6 333.987030 0.000000 108.000000 329.754804 -22.905507 101.363768
7 0.000000 333.987030 108.000000 -4.013279 311.300280 101.540447
8 333.987030 333.987030 108.000000 329.973565 311.081436 101.263905

(All distances are in millimeters.)
----------------------------------------------------------------------
