----------------------------------------------------------------------
Transformation Parameters

Patient number: 001
From: ct
To: mr_T1

Point      x          y          z        new_x       new_y       new_z

1 0.000000 0.000000 0.000000 -0.206053 -23.465596 -4.445764
2 333.987030 0.000000 0.000000 333.771806 -23.739337 -6.905556
3 0.000000 333.987030 0.000000 0.068484 310.521304 -4.338554
4 333.987030 333.987030 0.000000 334.046343 310.247563 -6.798346
5 0.000000 0.000000 108.000000 0.589331 -23.500917 103.551302
6 333.987030 0.000000 108.000000 334.567190 -23.774658 101.091510
7 0.000000 333.987030 108.000000 0.863868 310.485983 103.658512
8 333.987030 333.987030 108.000000 334.841727 310.212242 101.198720

(All distances are in millimeters.)
----------------------------------------------------------------------
