----------------------------------------------------------------------
Transformation Parameters

Patient number: 007
From: pet
To: mr_T2_rectified

Point      x          y          z        new_x       new_y       new_z

1 0.000000 0.000000 0.000000 8.055218 -2.228548 5.339319
2 329.021826 0.000000 0.000000 337.075504 -1.711461 6.202999
3 0.000000 329.021826 0.000000 7.538983 326.792713 5.014245
4 329.021826 329.021826 0.000000 336.559269 327.309799 5.877926
5 0.000000 0.000000 112.000000 7.761045 -2.118353 117.338878
6 329.021826 0.000000 112.000000 336.781331 -1.601267 118.202559
7 0.000000 329.021826 112.000000 7.244810 326.902907 117.013805
8 329.021826 329.021826 112.000000 336.265096 327.419993 117.877485

(All distances are in millimeters.)
----------------------------------------------------------------------
