----------------------------------------------------------------------
Transformation Parameters

Patient number: 002
From: ct
To: mr_PD

Point      x          y          z        new_x       new_y       new_z

1 0.000000 0.000000 0.000000 0.570024 -33.785828 -18.429296
2 333.987030 0.000000 0.000000 334.555466 -33.433695 -17.461403
3 0.000000 333.987030 0.000000 0.217668 300.201007 -18.352813
4 333.987030 333.987030 0.000000 334.203110 300.553140 -17.384920
5 0.000000 0.000000 112.000000 0.245476 -33.811818 93.570230
6 333.987030 0.000000 112.000000 334.230918 -33.459685 94.538123
7 0.000000 333.987030 112.000000 -0.106880 300.175017 93.646713
8 333.987030 333.987030 112.000000 333.878562 300.527150 94.614606

(All distances are in millimeters.)
----------------------------------------------------------------------
