----------------------------------------------------------------------
Transformation Parameters

Patient number: 002
From: pet
To: mr_T2

Point      x          y          z        new_x       new_y       new_z

1 0.000000 0.000000 0.000000 4.552678 3.619247 -9.611790
2 329.021826 0.000000 0.000000 333.574151 3.804733 -10.056627
3 0.000000 329.021826 0.000000 4.366452 332.640565 -10.158954
4 329.021826 329.021826 0.000000 333.387925 332.826051 -10.603790
5 0.000000 0.000000 112.000000 4.703997 3.805588 102.387952
6 329.021826 0.000000 112.000000 333.725470 3.991075 101.943116
7 0.000000 329.021826 112.000000 4.517771 332.826906 101.840789
8 329.021826 329.021826 112.000000 333.539244 333.012393 101.395952

(All distances are in millimeters.)
----------------------------------------------------------------------
