----------------------------------------------------------------------
Transformation Parameters

Patient number: 005
From: pet
To: mr_PD_rectified

Point      x          y          z        new_x       new_y       new_z

1 0.000000 0.000000 0.000000 53.067160 26.526740 3.796199
2 246.766339 0.000000 0.000000 299.832767 27.099496 3.977817
3 0.000000 246.766339 0.000000 52.495161 273.290301 2.774589
4 246.766339 246.766339 0.000000 299.260768 273.863057 2.956207
5 0.000000 0.000000 112.000000 52.983653 26.990226 115.795209
6 246.766339 0.000000 112.000000 299.749260 27.562982 115.976827
7 0.000000 246.766339 112.000000 52.411654 273.753788 114.773599
8 246.766339 246.766339 112.000000 299.177262 274.326543 114.955217

(All distances are in millimeters.)
----------------------------------------------------------------------
