----------------------------------------------------------------------
Transformation Parameters

Patient number: 004
From: ct
To: mr_PD_rectified

Point      x          y          z        new_x       new_y       new_z

1 0.000000 0.000000 0.000000 0.340536 -30.585643 -32.897914
2 333.987030 0.000000 0.000000 334.326168 -31.256559 -33.593274
3 0.000000 333.987030 0.000000 1.010847 303.400587 -33.188483
4 333.987030 333.987030 0.000000 334.996479 302.729672 -33.883843
5 0.000000 0.000000 104.000000 0.557245 -30.495598 71.101821
6 333.987030 0.000000 104.000000 334.542877 -31.166513 70.406461
7 0.000000 333.987030 104.000000 1.227556 303.490633 70.811252
8 333.987030 333.987030 104.000000 335.213188 302.819718 70.115892

(All distances are in millimeters.)
----------------------------------------------------------------------
