----------------------------------------------------------------------
Transformation Parameters

Patient number: 001
From: ct
To: mr_PD

Point      x          y          z        new_x       new_y       new_z

1 0.000000 0.000000 0.000000 0.103911 -23.361696 -2.429515
2 333.987030 0.000000 0.000000 334.090562 -23.489173 -2.916134
3 0.000000 333.987030 0.000000 0.231828 310.625173 -2.127591
4 333.987030 333.987030 0.000000 334.218479 310.497696 -2.614210
5 0.000000 0.000000 108.000000 0.261229 -23.459388 105.570326
6 333.987030 0.000000 108.000000 334.247880 -23.586865 105.083707
7 0.000000 333.987030 108.000000 0.389146 310.527481 105.872250
8 333.987030 333.987030 108.000000 334.375797 310.400004 105.385631

(All distances are in millimeters.)
----------------------------------------------------------------------
