----------------------------------------------------------------------
Transformation Parameters

Patient number: 001
From: ct
To: mr_T2_rectified

Point      x          y          z        new_x       new_y       new_z

1 0.000000 0.000000 0.000000 2.573650 -22.598385 1.508382
2 333.987030 0.000000 0.000000 336.559997 -23.138355 1.102589
3 0.000000 333.987030 0.000000 3.112704 311.387360 0.754908
4 333.987030 333.987030 0.000000 337.099051 310.847390 0.349115
5 0.000000 0.000000 108.000000 2.705263 -22.354950 109.508027
6 333.987030 0.000000 108.000000 336.691610 -22.894920 109.102234
7 0.000000 333.987030 108.000000 3.244317 311.630795 108.754553
8 333.987030 333.987030 108.000000 337.230664 311.090825 108.348760

(All distances are in millimeters.)
----------------------------------------------------------------------
