----------------------------------------------------------------------
Transformation Parameters

Patient number: 006
From: pet
To: mr_T2

Point      x          y          z        new_x       new_y       new_z

1 0.000000 0.000000 0.000000 8.161460 -5.178590 2.639916
2 329.021826 0.000000 0.000000 337.181342 -5.184882 1.509071
3 0.000000 329.021826 0.000000 8.166066 323.842870 2.149345
4 329.021826 329.021826 0.000000 337.185948 323.836578 1.018500
5 0.000000 0.000000 112.000000 8.546405 -5.011604 114.639130
6 329.021826 0.000000 112.000000 337.566288 -5.017897 113.508285
7 0.000000 329.021826 112.000000 8.551012 324.009856 114.148559
8 329.021826 329.021826 112.000000 337.570894 324.003564 113.017714

(All distances are in millimeters.)
----------------------------------------------------------------------
