----------------------------------------------------------------------
Transformation Parameters

Patient number: 007
From: pet
To: mr_T1_rectified

Point      x          y          z        new_x       new_y       new_z

1 0.000000 0.000000 0.000000 8.698149 1.878787 33.568422
2 329.021826 0.000000 0.000000 337.719364 2.345691 33.997134
3 0.000000 329.021826 0.000000 8.232916 330.897793 32.288201
4 329.021826 329.021826 0.000000 337.254131 331.364697 32.716913
5 0.000000 0.000000 112.000000 8.551597 2.314370 145.567479
6 329.021826 0.000000 112.000000 337.572812 2.781275 145.996191
7 0.000000 329.021826 112.000000 8.086364 331.333377 144.287258
8 329.021826 329.021826 112.000000 337.107579 331.800281 144.715970

(All distances are in millimeters.)
----------------------------------------------------------------------
