----------------------------------------------------------------------
Transformation Parameters

Patient number: 005
From: pet
To: mr_T2_rectified

Point      x          y          z        new_x       new_y       new_z

1 0.000000 0.000000 0.000000 50.515109 25.055619 3.973971
2 246.766339 0.000000 0.000000 297.278673 25.875028 3.138434
3 0.000000 246.766339 0.000000 49.691170 271.816943 2.633790
4 246.766339 246.766339 0.000000 296.454734 272.636352 1.798253
5 0.000000 0.000000 112.000000 50.892307 25.665147 115.971677
6 246.766339 0.000000 112.000000 297.655871 26.484556 115.136140
7 0.000000 246.766339 112.000000 50.068368 272.426471 114.631496
8 246.766339 246.766339 112.000000 296.831932 273.245880 113.795959

(All distances are in millimeters.)
----------------------------------------------------------------------
