----------------------------------------------------------------------
Transformation Parameters

Patient number: 004
From: ct
To: mr_T1_rectified

Point      x          y          z        new_x       new_y       new_z

1 0.000000 0.000000 0.000000 1.172933 -30.331619 -31.981007
2 333.987030 0.000000 0.000000 335.157985 -29.754104 -32.974951
3 0.000000 333.987030 0.000000 0.595470 303.654911 -31.962638
4 333.987030 333.987030 0.000000 334.580522 304.232426 -32.956582
5 0.000000 0.000000 104.000000 1.482446 -30.336804 72.018532
6 333.987030 0.000000 104.000000 335.467498 -29.759289 71.024588
7 0.000000 333.987030 104.000000 0.904983 303.649726 72.036901
8 333.987030 333.987030 104.000000 334.890035 304.227241 71.042957

(All distances are in millimeters.)
----------------------------------------------------------------------
