----------------------------------------------------------------------
Transformation Parameters

Patient number: 003
From: ct
To: mr_T1

Point      x          y          z        new_x       new_y       new_z

1 0.000000 0.000000 0.000000 -0.197515 -31.629971 -34.230912
2 333.987030 0.000000 0.000000 333.789062 -31.151648 -33.959717
3 0.000000 333.987030 0.000000 -0.674779 302.354183 -35.532122
4 333.987030 333.987030 0.000000 333.311798 302.832507 -35.260927
5 0.000000 0.000000 132.000000 -0.305434 -31.115855 97.768043
6 333.987030 0.000000 132.000000 333.681143 -30.637531 98.039238
7 0.000000 333.987030 132.000000 -0.782698 302.868300 96.466833
8 333.987030 333.987030 132.000000 333.203879 303.346623 96.738028

(All distances are in millimeters.)
----------------------------------------------------------------------
