----------------------------------------------------------------------
Transformation Parameters

Patient number: 005
From: ct
To: mr_T2

Point      x          y          z        new_x       new_y       new_z

1 0.000000 0.000000 0.000000 -6.607723 -31.801568 -17.081505
2 333.987030 0.000000 0.000000 327.376517 -31.859816 -18.445504
3 0.000000 333.987030 0.000000 -6.549943 302.185437 -17.196397
4 333.987030 333.987030 0.000000 327.434297 302.127189 -18.560396
5 0.000000 0.000000 128.000000 -6.084965 -31.757627 110.917420
6 333.987030 0.000000 128.000000 327.899275 -31.815875 109.553421
7 0.000000 333.987030 128.000000 -6.027185 302.229378 110.802528
8 333.987030 333.987030 128.000000 327.957055 302.171130 109.438529

(All distances are in millimeters.)
----------------------------------------------------------------------
