----------------------------------------------------------------------
Transformation Parameters

Patient number: 007
From: pet
To: mr_PD

Point      x          y          z        new_x       new_y       new_z

1 0.000000 0.000000 0.000000 6.753562 0.463090 25.331096
2 329.021826 0.000000 0.000000 335.774921 0.355882 25.874639
3 0.000000 329.021826 0.000000 6.859506 329.484010 26.095742
4 329.021826 329.021826 0.000000 335.880866 329.376802 26.639285
5 0.000000 0.000000 112.000000 6.568454 0.202862 137.330641
6 329.021826 0.000000 112.000000 335.589813 0.095654 137.874184
7 0.000000 329.021826 112.000000 6.674399 329.223782 138.095287
8 329.021826 329.021826 112.000000 335.695758 329.116574 138.638830

(All distances are in millimeters.)
----------------------------------------------------------------------
