----------------------------------------------------------------------
Transformation Parameters

Patient number: 007
From: pet
To: mr_PD_rectified

Point      x          y          z        new_x       new_y       new_z

1 0.000000 0.000000 0.000000 8.464994 -1.035690 6.364143
2 329.021826 0.000000 0.000000 337.485181 -1.022959 5.325752
3 0.000000 329.021826 0.000000 8.452162 327.986133 6.332228
4 329.021826 329.021826 0.000000 337.472349 327.998865 5.293837
5 0.000000 0.000000 112.000000 8.818465 -1.024813 118.363585
6 329.021826 0.000000 112.000000 337.838652 -1.012082 117.325194
7 0.000000 329.021826 112.000000 8.805633 327.997011 118.331670
8 329.021826 329.021826 112.000000 337.825820 328.009742 117.293279

(All distances are in millimeters.)
----------------------------------------------------------------------
