----------------------------------------------------------------------
Transformation Parameters

Patient number: 003
From: ct
To: mr_T2

Point      x          y          z        new_x       new_y       new_z

1 0.000000 0.000000 0.000000 -1.076422 -32.506162 -33.264969
2 333.987030 0.000000 0.000000 332.910565 -32.401288 -33.132042
3 0.000000 333.987030 0.000000 -1.180960 301.479783 -34.109955
4 333.987030 333.987030 0.000000 332.806027 301.584657 -33.977028
5 0.000000 0.000000 132.000000 -1.129063 -32.172219 98.734598
6 333.987030 0.000000 132.000000 332.857924 -32.067345 98.867525
7 0.000000 333.987030 132.000000 -1.233601 301.813726 97.889612
8 333.987030 333.987030 132.000000 332.753387 301.918600 98.022539

(All distances are in millimeters.)
----------------------------------------------------------------------
