----------------------------------------------------------------------
Transformation Parameters

Patient number: 005
From: pet
To: mr_T2

Point      x          y          z        new_x       new_y       new_z

1 0.000000 0.000000 0.000000 48.921152 25.480851 2.998078
2 246.766339 0.000000 0.000000 295.671558 25.310580 5.797049
3 0.000000 246.766339 0.000000 49.076613 272.243683 4.304453
4 246.766339 246.766339 0.000000 295.827019 272.073413 7.103424
5 0.000000 0.000000 112.000000 47.650390 24.888765 114.989304
6 246.766339 0.000000 112.000000 294.400796 24.718494 117.788275
7 0.000000 246.766339 112.000000 47.805851 271.651597 116.295679
8 246.766339 246.766339 112.000000 294.556257 271.481326 119.094650

(All distances are in millimeters.)
----------------------------------------------------------------------
