----------------------------------------------------------------------
Transformation Parameters

Patient number: 002
From: ct
To: mr_T1

Point      x          y          z        new_x       new_y       new_z

1 0.000000 0.000000 0.000000 0.111789 -25.695049 -18.634633
2 333.987030 0.000000 0.000000 334.098457 -25.681522 -18.143005
3 0.000000 333.987030 0.000000 0.098764 308.291807 -18.975300
4 333.987030 333.987030 0.000000 334.085431 308.305334 -18.483671
5 0.000000 0.000000 112.000000 -0.053079 -25.580816 93.365187
6 333.987030 0.000000 112.000000 333.933589 -25.567289 93.856816
7 0.000000 333.987030 112.000000 -0.066105 308.406040 93.024521
8 333.987030 333.987030 112.000000 333.920563 308.419567 93.516149

(All distances are in millimeters.)
----------------------------------------------------------------------
