----------------------------------------------------------------------
Transformation Parameters

Patient number: 003
From: ct
To: mr_T1_rectified

Point      x          y          z        new_x       new_y       new_z

1 0.000000 0.000000 0.000000 1.065294 -30.967349 -35.689621
2 333.987030 0.000000 0.000000 335.051716 -31.289917 -36.239363
3 0.000000 333.987030 0.000000 1.388926 303.018897 -35.042689
4 333.987030 333.987030 0.000000 335.375348 302.696329 -35.592430
5 0.000000 0.000000 132.000000 1.282318 -31.223243 96.309952
6 333.987030 0.000000 132.000000 335.268740 -31.545811 95.760211
7 0.000000 333.987030 132.000000 1.605951 302.763003 96.956885
8 333.987030 333.987030 132.000000 335.592372 302.440435 96.407143

(All distances are in millimeters.)
----------------------------------------------------------------------
