----------------------------------------------------------------------
Transformation Parameters

Patient number: 001
From: ct
To: mr_T2

Point      x          y          z        new_x       new_y       new_z

1 0.000000 0.000000 0.000000 0.857184 -25.159515 -1.785689
2 333.987030 0.000000 0.000000 334.843295 -25.808419 -2.225215
3 0.000000 333.987030 0.000000 1.505452 308.826536 -2.268968
4 333.987030 333.987030 0.000000 335.491563 308.177632 -2.708494
5 0.000000 0.000000 108.000000 0.999615 -25.003516 106.214104
6 333.987030 0.000000 108.000000 334.985726 -25.652420 105.774578
7 0.000000 333.987030 108.000000 1.647883 308.982535 105.730825
8 333.987030 333.987030 108.000000 335.633994 308.333632 105.291299

(All distances are in millimeters.)
----------------------------------------------------------------------
