----------------------------------------------------------------------
Transformation Parameters

Patient number: 001
From: pet
To: mr_PD

Point      x          y          z        new_x       new_y       new_z

1 0.000000 0.000000 0.000000 3.187046 -14.569082 -2.276625
2 329.021826 0.000000 0.000000 332.208230 -14.256359 -1.706762
3 0.000000 329.021826 0.000000 2.872832 314.451465 -1.414918
4 329.021826 329.021826 0.000000 331.894015 314.764188 -0.845055
5 0.000000 0.000000 112.000000 2.993343 -14.862594 109.722823
6 329.021826 0.000000 112.000000 332.014526 -14.549872 110.292686
7 0.000000 329.021826 112.000000 2.679128 314.157953 110.584530
8 329.021826 329.021826 112.000000 331.700312 314.470676 111.154393

(All distances are in millimeters.)
----------------------------------------------------------------------
