----------------------------------------------------------------------
Transformation Parameters

Patient number: 007
From: ct
To: mr_PD_rectified

Point      x          y          z        new_x       new_y       new_z

1 0.000000 0.000000 0.000000 -3.387372 -22.060088 -6.824924
2 333.987030 0.000000 0.000000 330.599630 -22.186606 -6.876024
3 0.000000 333.987030 0.000000 -3.260791 311.926665 -6.413786
4 333.987030 333.987030 0.000000 330.726211 311.800147 -6.464886
5 0.000000 0.000000 108.000000 -3.370899 -22.193042 101.174992
6 333.987030 0.000000 108.000000 330.616103 -22.319561 101.123892
7 0.000000 333.987030 108.000000 -3.244318 311.793710 101.586130
8 333.987030 333.987030 108.000000 330.742684 311.667192 101.535030

(All distances are in millimeters.)
----------------------------------------------------------------------
