----------------------------------------------------------------------
Transformation Parameters

Patient number: 009
From: pet
To: mr_T2

Point      x          y          z        new_x       new_y       new_z

1 0.000000 0.000000 0.000000 4.420763 -3.770155 -22.323404
2 329.021826 0.000000 0.000000 333.441040 -4.749649 -22.078942
3 0.000000 329.021826 0.000000 5.399598 325.249031 -21.440969
4 329.021826 329.021826 0.000000 334.419875 324.269538 -21.196506
5 0.000000 0.000000 112.000000 4.336653 -4.070290 89.676162
6 329.021826 0.000000 112.000000 333.356930 -5.049784 89.920625
7 0.000000 329.021826 112.000000 5.315488 324.948897 90.558598
8 329.021826 329.021826 112.000000 334.335765 323.969403 90.803060

(All distances are in millimeters.)
----------------------------------------------------------------------
