----------------------------------------------------------------------
Transformation Parameters

Patient number: 005
From: pet
To: mr_PD

Point      x          y          z        new_x       new_y       new_z

1 0.000000 0.000000 0.000000 49.076043 25.728600 5.752980
2 246.766339 0.000000 0.000000 295.841949 26.100583 6.027631
3 0.000000 246.766339 0.000000 48.704413 272.494456 5.435885
4 246.766339 246.766339 0.000000 295.470319 272.866439 5.710536
5 0.000000 0.000000 112.000000 48.951170 25.872332 117.752818
6 246.766339 0.000000 112.000000 295.717076 26.244315 118.027469
7 0.000000 246.766339 112.000000 48.579540 272.638188 117.435723
8 246.766339 246.766339 112.000000 295.345446 273.010171 117.710374

(All distances are in millimeters.)
----------------------------------------------------------------------
