----------------------------------------------------------------------
Transformation Parameters

Patient number: 008
From: pet
To: mr_T1

Point      x          y          z        new_x       new_y       new_z

1 0.000000 0.000000 0.000000 3.062694 10.242329 -23.348976
2 329.021826 0.000000 0.000000 332.084381 9.955005 -23.254219
3 0.000000 329.021826 0.000000 3.349598 339.260855 -21.903588
4 329.021826 329.021826 0.000000 332.371285 338.973531 -21.808831
5 0.000000 0.000000 112.000000 3.030009 9.750343 88.649939
6 329.021826 0.000000 112.000000 332.051696 9.463019 88.744696
7 0.000000 329.021826 112.000000 3.316913 338.768868 90.095327
8 329.021826 329.021826 112.000000 332.338600 338.481545 90.190084

(All distances are in millimeters.)
----------------------------------------------------------------------
