----------------------------------------------------------------------
Transformation Parameters

Patient number: 009
From: pet
To: mr_PD

Point      x          y          z        new_x       new_y       new_z

1 0.000000 0.000000 0.000000 4.753805 -2.571451 -21.389148
2 329.021826 0.000000 0.000000 333.774059 -2.685329 -20.378395
3 0.000000 329.021826 0.000000 4.868634 326.450209 -21.698429
4 329.021826 329.021826 0.000000 333.888887 326.336331 -20.687676
5 0.000000 0.000000 112.000000 4.409778 -2.466052 90.610274
6 329.021826 0.000000 112.000000 333.430032 -2.579930 91.621027
7 0.000000 329.021826 112.000000 4.524607 326.555609 90.300993
8 329.021826 329.021826 112.000000 333.544861 326.441731 91.311746

(All distances are in millimeters.)
----------------------------------------------------------------------
