----------------------------------------------------------------------
Transformation Parameters

Patient number: 006
From: pet
To: mr_T1

Point      x          y          z        new_x       new_y       new_z

1 0.000000 0.000000 0.000000 0.844046 3.906940 15.524186
2 329.021826 0.000000 0.000000 329.865729 4.170945 15.369217
3 0.000000 329.021826 0.000000 0.580170 332.928547 15.797932
4 329.021826 329.021826 0.000000 329.601854 333.192551 15.642963
5 0.000000 0.000000 112.000000 0.896872 3.813799 127.524135
6 329.021826 0.000000 112.000000 329.918556 4.077803 127.369166
7 0.000000 329.021826 112.000000 0.632997 332.835405 127.797881
8 329.021826 329.021826 112.000000 329.654680 333.099409 127.642912

(All distances are in millimeters.)
----------------------------------------------------------------------
