----------------------------------------------------------------------
Transformation Parameters

Patient number: 002
From: pet
To: mr_T1_rectified

Point      x          y          z        new_x       new_y       new_z

1 0.000000 0.000000 0.000000 7.996298 9.399647 -6.967395
2 329.021826 0.000000 0.000000 337.017059 8.939503 -6.267899
3 0.000000 329.021826 0.000000 8.453964 338.419093 -5.802660
4 329.021826 329.021826 0.000000 337.474725 337.958949 -5.103164
5 0.000000 0.000000 112.000000 7.757635 9.003501 105.031650
6 329.021826 0.000000 112.000000 336.778395 8.543356 105.731146
7 0.000000 329.021826 112.000000 8.215301 338.022947 106.196385
8 329.021826 329.021826 112.000000 337.236062 337.562802 106.895881

(All distances are in millimeters.)
----------------------------------------------------------------------
