----------------------------------------------------------------------
Transformation Parameters

Patient number: 002
From: pet
To: mr_PD_rectified

Point      x          y          z        new_x       new_y       new_z

1 0.000000 0.000000 0.000000 3.959415 5.425408 -5.540572
2 329.021826 0.000000 0.000000 332.980566 4.936382 -5.088168
3 0.000000 329.021826 0.000000 4.449655 334.445680 -6.424981
4 329.021826 329.021826 0.000000 333.470806 333.956654 -5.972578
5 0.000000 0.000000 112.000000 3.805863 5.726692 106.458918
6 329.021826 0.000000 112.000000 332.827015 5.237666 106.911321
7 0.000000 329.021826 112.000000 4.296104 334.746964 105.574508
8 329.021826 329.021826 112.000000 333.317255 334.257938 106.026912

(All distances are in millimeters.)
----------------------------------------------------------------------
