----------------------------------------------------------------------
Transformation Parameters

Patient number: 005
From: ct
To: mr_PD_rectified

Point      x          y          z        new_x       new_y       new_z

1 0.000000 0.000000 0.000000 -5.392135 -32.733105 -17.793346
2 333.987030 0.000000 0.000000 328.594180 -33.262995 -18.237214
3 0.000000 333.987030 0.000000 -4.861764 301.253309 -17.431972
4 333.987030 333.987030 0.000000 329.124551 300.723418 -17.875840
5 0.000000 0.000000 128.000000 -5.222243 -32.871870 110.206466
6 333.987030 0.000000 128.000000 328.764072 -33.401761 109.762598
7 0.000000 333.987030 128.000000 -4.691872 301.114543 110.567840
8 333.987030 333.987030 128.000000 329.294443 300.584653 110.123972

(All distances are in millimeters.)
----------------------------------------------------------------------
