----------------------------------------------------------------------
Transformation Parameters

Patient number: 004
From: ct
To: mr_T2_rectified

Point      x          y          z        new_x       new_y       new_z

1 0.000000 0.000000 0.000000 1.283352 -30.025595 -32.942734
2 333.987030 0.000000 0.000000 335.270243 -29.736304 -33.036918
3 0.000000 333.987030 0.000000 0.994119 303.961246 -32.736330
4 333.987030 333.987030 0.000000 334.981011 304.250537 -32.830514
5 0.000000 0.000000 104.000000 1.312735 -30.089841 71.057242
6 333.987030 0.000000 104.000000 335.299627 -29.800550 70.963058
7 0.000000 333.987030 104.000000 1.023503 303.897000 71.263646
8 333.987030 333.987030 104.000000 335.010394 304.186291 71.169462

(All distances are in millimeters.)
----------------------------------------------------------------------
