----------------------------------------------------------------------
Transformation Parameters

Patient number: 008
From: pet
To: mr_T2

Point      x          y          z        new_x       new_y       new_z

1 0.000000 0.000000 0.000000 1.006132 14.497974 -14.443659
2 329.021826 0.000000 0.000000 330.027804 14.537248 -14.128129
3 0.000000 329.021826 0.000000 0.967965 343.517772 -15.598194
4 329.021826 329.021826 0.000000 329.989638 343.557045 -15.282664
5 0.000000 0.000000 112.000000 0.898678 14.890968 97.555600
6 329.021826 0.000000 112.000000 329.920350 14.930242 97.871130
7 0.000000 329.021826 112.000000 0.860512 343.910766 96.401065
8 329.021826 329.021826 112.000000 329.882184 343.950040 96.716595

(All distances are in millimeters.)
----------------------------------------------------------------------
