----------------------------------------------------------------------
Transformation Parameters

Patient number: 001
From: pet
To: mr_T2_rectified

Point      x          y          z        new_x       new_y       new_z

1 0.000000 0.000000 0.000000 8.001571 -13.579112 2.110438
2 329.021826 0.000000 0.000000 337.022859 -14.172544 2.154856
3 0.000000 329.021826 0.000000 8.595124 315.440907 1.196088
4 329.021826 329.021826 0.000000 337.616411 314.847476 1.240505
5 0.000000 0.000000 112.000000 7.987012 -13.267838 114.110005
6 329.021826 0.000000 112.000000 337.008300 -13.861270 114.154422
7 0.000000 329.021826 112.000000 8.580565 315.752182 113.195654
8 329.021826 329.021826 112.000000 337.601853 315.158750 113.240072

(All distances are in millimeters.)
----------------------------------------------------------------------
