----------------------------------------------------------------------
Transformation Parameters

Patient number: 004
From: ct
To: mr_PD

Point      x          y          z        new_x       new_y       new_z

1 0.000000 0.000000 0.000000 0.062819 -28.321832 -33.464563
2 333.987030 0.000000 0.000000 334.049550 -28.131044 -33.869354
3 0.000000 333.987030 0.000000 -0.127219 305.664572 -32.846019
4 333.987030 333.987030 0.000000 333.859511 305.855360 -33.250811
5 0.000000 0.000000 104.000000 0.188977 -28.514368 70.535183
6 333.987030 0.000000 104.000000 334.175707 -28.323580 70.130391
7 0.000000 333.987030 104.000000 -0.001061 305.472036 71.153726
8 333.987030 333.987030 104.000000 333.985669 305.662824 70.748935

(All distances are in millimeters.)
----------------------------------------------------------------------
