----------------------------------------------------------------------
Transformation Parameters

Patient number: 007
From: pet
To: mr_T1

Point      x          y          z        new_x       new_y       new_z

1 0.000000 0.000000 0.000000 9.917790 1.790837 8.084047
2 329.021826 0.000000 0.000000 338.939514 1.947520 7.879066
3 0.000000 329.021826 0.000000 9.761175 330.812606 8.195256
4 329.021826 329.021826 0.000000 338.782900 330.969290 7.990275
5 0.000000 0.000000 112.000000 9.987584 1.753014 120.084019
6 329.021826 0.000000 112.000000 339.009308 1.909697 119.879038
7 0.000000 329.021826 112.000000 9.830969 330.774784 120.195228
8 329.021826 329.021826 112.000000 338.852694 330.931467 119.990247

(All distances are in millimeters.)
----------------------------------------------------------------------
