----------------------------------------------------------------------
Transformation Parameters

Patient number: 001
From: ct
To: mr_PD_rectified

Point      x          y          z        new_x       new_y       new_z

1 0.000000 0.000000 0.000000 2.501896 -21.168645 -2.280684
2 333.987030 0.000000 0.000000 336.488472 -21.204685 -1.730610
3 0.000000 333.987030 0.000000 2.536631 312.817442 -1.488134
4 333.987030 333.987030 0.000000 336.523206 312.781402 -0.938059
5 0.000000 0.000000 108.000000 2.323994 -21.424910 105.718865
6 333.987030 0.000000 108.000000 336.310569 -21.460950 106.268940
7 0.000000 333.987030 108.000000 2.358728 312.561177 106.511416
8 333.987030 333.987030 108.000000 336.345304 312.525138 107.061490

(All distances are in millimeters.)
----------------------------------------------------------------------
