----------------------------------------------------------------------
Transformation Parameters

Patient number: 009
From: pet
To: mr_T1

Point      x          y          z        new_x       new_y       new_z

1 0.000000 0.000000 0.000000 6.601626 -2.555508 -20.918942
2 329.021826 0.000000 0.000000 335.623293 -2.809358 -21.118987
3 0.000000 329.021826 0.000000 6.855631 326.466122 -20.664937
4 329.021826 329.021826 0.000000 335.877298 326.212272 -20.864982
5 0.000000 0.000000 112.000000 6.669656 -2.642024 91.081004
6 329.021826 0.000000 112.000000 335.691323 -2.895874 90.880959
7 0.000000 329.021826 112.000000 6.923660 326.379606 91.335009
8 329.021826 329.021826 112.000000 335.945327 326.125755 91.134964

(All distances are in millimeters.)
----------------------------------------------------------------------
