----------------------------------------------------------------------
Transformation Parameters

Patient number: 007
From: pet
To: mr_T1_rectified

Point      x          y          z        new_x       new_y       new_z

1 0.000000 0.000000 0.000000 12.899746 -1.895361 13.099524
2 329.021826 0.000000 0.000000 341.921483 -1.983832 12.873486
3 0.000000 329.021826 0.000000 12.987924 327.126175 12.671467
4 329.021826 329.021826 0.000000 342.009660 327.037703 12.445429
5 0.000000 0.000000 112.000000 12.976729 -1.749669 125.099403
6 329.021826 0.000000 112.000000 341.998466 -1.838141 124.873365
7 0.000000 329.021826 112.000000 13.064907 327.271866 124.671346
8 329.021826 329.021826 112.000000 342.086643 327.183394 124.445308

(All distances are in millimeters.)
----------------------------------------------------------------------
