----------------------------------------------------------------------
Transformation Parameters

Patient number: 007
From: ct
To: mr_PD

Point      x          y          z        new_x       new_y       new_z

1 0.000000 0.000000 0.000000 -6.183636 -23.584923 -9.290806
2 333.987030 0.000000 0.000000 327.802392 -23.912254 -8.541006
3 0.000000 333.987030 0.000000 -5.856329 310.401946 -9.280118
4 333.987030 333.987030 0.000000 328.129699 310.074616 -8.530318
5 0.000000 0.000000 108.000000 -6.426099 -23.588142 98.708922
6 333.987030 0.000000 108.000000 327.559929 -23.915472 99.458722
7 0.000000 333.987030 108.000000 -6.098792 310.398728 98.719610
8 333.987030 333.987030 108.000000 327.887236 310.071397 99.469410

(All distances are in millimeters.)
----------------------------------------------------------------------
