----------------------------------------------------------------------
Transformation Parameters

Patient number: 002
From: pet
To: mr_PD_rectified

Point      x          y          z        new_x       new_y       new_z

1 0.000000 0.000000 0.000000 3.267888 -30.638480 -19.297902
2 83.006561 0.000000 0.000000 86.273241 -30.758274 -19.729368
3 0.000000 83.006561 0.000000 3.387334 52.367968 -19.364972
4 83.006561 83.006561 0.000000 86.392688 52.248174 -19.796438
5 0.000000 0.000000 56.000000 3.559039 -30.593652 36.701323
6 83.006561 0.000000 56.000000 86.564393 -30.713445 36.269857
7 0.000000 83.006561 56.000000 3.678486 52.412796 36.634254
8 83.006561 83.006561 56.000000 86.683839 52.293003 36.202788

(All distances are in millimeters.)
----------------------------------------------------------------------
