----------------------------------------------------------------------
Transformation Parameters

Patient number: 001
From: pet
To: mr_T1_rectified

Point      x          y          z        new_x       new_y       new_z

1 0.000000 0.000000 0.000000 18.265621 5.307357 -67.072941
2 329.021826 0.000000 0.000000 347.287111 5.321635 -67.542455
3 0.000000 329.021826 0.000000 18.251802 334.329026 -66.751158
4 329.021826 329.021826 0.000000 347.273292 334.343304 -67.220671
5 0.000000 0.000000 112.000000 18.425449 5.197828 44.926891
6 329.021826 0.000000 112.000000 347.446940 5.212106 44.457378
7 0.000000 329.021826 112.000000 18.411630 334.219496 45.248675
8 329.021826 329.021826 112.000000 347.433121 334.233774 44.779161

(All distances are in millimeters.)
----------------------------------------------------------------------
