----------------------------------------------------------------------
Transformation Parameters

Patient number: 001
From: ct
To: mr_PD_rectified

Point      x          y          z        new_x       new_y       new_z

1 0.000000 0.000000 0.000000 2.186629 -21.585159 -1.286420
2 333.987030 0.000000 0.000000 336.171925 -22.647150 -1.460761
3 0.000000 333.987030 0.000000 3.249037 312.399214 -0.482514
4 333.987030 333.987030 0.000000 337.234333 311.337223 -0.656855
5 0.000000 0.000000 108.000000 2.242177 -21.845293 106.713253
6 333.987030 0.000000 108.000000 336.227474 -22.907284 106.538912
7 0.000000 333.987030 108.000000 3.304585 312.139080 107.517159
8 333.987030 333.987030 108.000000 337.289881 311.077089 107.342818

(All distances are in millimeters.)
----------------------------------------------------------------------
