----------------------------------------------------------------------
Transformation Parameters

Patient number: 005
From: pet
To: mr_PD_rectified

Point      x          y          z        new_x       new_y       new_z

1 0.000000 0.000000 0.000000 50.311374 27.016538 -1.309458
2 246.766339 0.000000 0.000000 297.076626 26.484720 -1.813092
3 0.000000 246.766339 0.000000 50.839190 273.774583 -3.262593
4 246.766339 246.766339 0.000000 297.604442 273.242765 -3.766227
5 0.000000 0.000000 112.000000 50.541861 27.902516 110.686801
6 246.766339 0.000000 112.000000 297.307113 27.370698 110.183167
7 0.000000 246.766339 112.000000 51.069677 274.660561 108.733666
8 246.766339 246.766339 112.000000 297.834929 274.128743 108.230032

(All distances are in millimeters.)
----------------------------------------------------------------------
