----------------------------------------------------------------------
Transformation Parameters

Patient number: 006
From: ct
To: mr_PD

Point      x          y          z        new_x       new_y       new_z

1 0.000000 0.000000 0.000000 -7.861094 -32.602730 -28.767480
2 333.987030 0.000000 0.000000 326.125802 -32.500510 -28.486936
3 0.000000 333.987030 0.000000 -7.964962 301.378508 -26.803313
4 333.987030 333.987030 0.000000 326.021934 301.480728 -26.522769
5 0.000000 0.000000 116.000000 -7.958322 -33.284952 87.230473
6 333.987030 0.000000 116.000000 326.028574 -33.182732 87.511017
7 0.000000 333.987030 116.000000 -8.062190 300.696286 89.194640
8 333.987030 333.987030 116.000000 325.924706 300.798506 89.475184

(All distances are in millimeters.)
----------------------------------------------------------------------
