----------------------------------------------------------------------
Transformation Parameters

Patient number: 002
From: ct
To: mr_PD

Point      x          y          z        new_x       new_y       new_z

1 0.000000 0.000000 0.000000 1.480842 -32.377963 -19.982769
2 333.987030 0.000000 0.000000 335.466753 -32.090105 -20.798030
3 0.000000 333.987030 0.000000 1.191609 301.608467 -20.545871
4 333.987030 333.987030 0.000000 335.177520 301.896325 -21.361132
5 0.000000 0.000000 112.000000 1.754070 -32.188895 92.016738
6 333.987030 0.000000 112.000000 335.739981 -31.901037 91.201477
7 0.000000 333.987030 112.000000 1.464837 301.797535 91.453636
8 333.987030 333.987030 112.000000 335.450748 302.085393 90.638375

(All distances are in millimeters.)
----------------------------------------------------------------------
