----------------------------------------------------------------------
Transformation Parameters

Patient number: 004
From: ct
To: mr_PD_rectified

Point      x          y          z        new_x       new_y       new_z

1 0.000000 0.000000 0.000000 0.788136 -31.298815 -32.575212
2 333.987030 0.000000 0.000000 334.774009 -31.886748 -33.228821
3 0.000000 333.987030 0.000000 1.374281 302.686452 -33.488331
4 333.987030 333.987030 0.000000 335.360154 302.098520 -34.141941
5 0.000000 0.000000 104.000000 0.992162 -31.014838 71.424201
6 333.987030 0.000000 104.000000 334.978035 -31.602770 70.770591
7 0.000000 333.987030 104.000000 1.578307 302.970430 70.511081
8 333.987030 333.987030 104.000000 335.564180 302.382497 69.857472

(All distances are in millimeters.)
----------------------------------------------------------------------
