----------------------------------------------------------------------
Transformation Parameters

Patient number: 006
From: ct
To: mr_T1

Point      x          y          z        new_x       new_y       new_z

1 0.000000 0.000000 0.000000 -6.055371 -31.897474 -25.101525
2 333.987030 0.000000 0.000000 327.930692 -32.397487 -24.471961
3 0.000000 333.987030 0.000000 -5.554058 302.088467 -25.791541
4 333.987030 333.987030 0.000000 328.432005 301.588454 -25.161978
5 0.000000 0.000000 116.000000 -6.273671 -31.657490 90.898022
6 333.987030 0.000000 116.000000 327.712392 -32.157503 91.527585
7 0.000000 333.987030 116.000000 -5.772357 302.328451 90.208005
8 333.987030 333.987030 116.000000 328.213705 301.828438 90.837569

(All distances are in millimeters.)
----------------------------------------------------------------------
