----------------------------------------------------------------------
Transformation Parameters

Patient number: 006
From: pet
To: mr_PD

Point      x          y          z        new_x       new_y       new_z

1 0.000000 0.000000 0.000000 -7.761787 -33.241646 -25.457842
2 83.006561 0.000000 0.000000 75.244430 -33.335674 -25.238290
3 0.000000 83.006561 0.000000 -7.667824 49.764858 -25.433355
4 83.006561 83.006561 0.000000 75.338394 49.670830 -25.213803
5 0.000000 0.000000 56.000000 -7.909926 -33.257998 30.541960
6 83.006561 0.000000 56.000000 75.096292 -33.352026 30.761512
7 0.000000 83.006561 56.000000 -7.815962 49.748506 30.566447
8 83.006561 83.006561 56.000000 75.190255 49.654478 30.785999

(All distances are in millimeters.)
----------------------------------------------------------------------
