----------------------------------------------------------------------
Transformation Parameters

Patient number: 004
From: ct
To: mr_T2

Point      x          y          z        new_x       new_y       new_z

1 0.000000 0.000000 0.000000 -3.551465 -48.613046 -54.046594
2 333.987030 0.000000 0.000000 330.428447 -48.438218 -56.220166
3 0.000000 333.987030 0.000000 -3.725472 285.373915 -53.920012
4 333.987030 333.987030 0.000000 330.254439 285.548742 -56.093585
5 0.000000 0.000000 104.000000 -2.874617 -48.652108 49.951197
6 333.987030 0.000000 104.000000 331.105294 -48.477281 47.777624
7 0.000000 333.987030 104.000000 -3.048624 285.334852 50.077778
8 333.987030 333.987030 104.000000 330.931287 285.509680 47.904206

(All distances are in millimeters.)
----------------------------------------------------------------------
