----------------------------------------------------------------------
Transformation Parameters

Patient number: 005
From: pet
To: mr_PD

Point      x          y          z        new_x       new_y       new_z

1 0.000000 0.000000 0.000000 -5.105751 -32.051213 -15.782352
2 83.006561 0.000000 0.000000 77.900592 -32.172668 -15.928859
3 0.000000 83.006561 0.000000 -4.984313 50.955259 -15.791981
4 83.006561 83.006561 0.000000 78.022030 50.833804 -15.938488
5 0.000000 0.000000 56.000000 -5.006902 -32.044861 40.217560
6 83.006561 0.000000 56.000000 77.999441 -32.166317 40.071054
7 0.000000 83.006561 56.000000 -4.885463 50.961611 40.207931
8 83.006561 83.006561 56.000000 78.120880 50.840155 40.061425

(All distances are in millimeters.)
----------------------------------------------------------------------
