----------------------------------------------------------------------
Transformation Parameters

Patient number: 007
From: ct
To: mr_T2_rectified

Point      x          y          z        new_x       new_y       new_z

1 0.000000 0.000000 0.000000 -4.834410 -23.684668 -6.075784
2 333.987030 0.000000 0.000000 329.151060 -23.766754 -7.093103
3 0.000000 333.987030 0.000000 -4.749244 310.300820 -5.064473
4 333.987030 333.987030 0.000000 329.236226 310.218734 -6.081791
5 0.000000 0.000000 108.000000 -4.505526 -24.011774 101.923219
6 333.987030 0.000000 108.000000 329.479944 -24.093860 100.905901
7 0.000000 333.987030 108.000000 -4.420360 309.973714 102.934531
8 333.987030 333.987030 108.000000 329.565110 309.891628 101.917212

(All distances are in millimeters.)
----------------------------------------------------------------------
