----------------------------------------------------------------------
Transformation Parameters

Patient number: 005
From: pet
To: mr_T1

Point      x          y          z        new_x       new_y       new_z

1 0.000000 0.000000 0.000000 51.606164 25.318737 5.214440
2 246.766339 0.000000 0.000000 298.371922 24.831063 5.435787
3 0.000000 246.766339 0.000000 52.092782 272.081813 6.386576
4 246.766339 246.766339 0.000000 298.858540 271.594139 6.607923
5 0.000000 0.000000 112.000000 51.504651 24.786939 117.213131
6 246.766339 0.000000 112.000000 298.270409 24.299264 117.434478
7 0.000000 246.766339 112.000000 51.991269 271.550014 118.385267
8 246.766339 246.766339 112.000000 298.757027 271.062340 118.606614

(All distances are in millimeters.)
----------------------------------------------------------------------
