----------------------------------------------------------------------
Transformation Parameters

Patient number: 002
From: ct
To: mr_T2

Point      x          y          z        new_x       new_y       new_z

1 0.000000 0.000000 0.000000 0.440619 -35.439853 -18.208763
2 333.987030 0.000000 0.000000 334.427039 -34.801958 -18.233144
3 0.000000 333.987030 0.000000 -0.197296 298.546451 -18.488310
4 333.987030 333.987030 0.000000 333.789124 299.184345 -18.512691
5 0.000000 0.000000 112.000000 0.448616 -35.346093 93.791197
6 333.987030 0.000000 112.000000 334.435036 -34.708199 93.766816
7 0.000000 333.987030 112.000000 -0.189299 298.640210 93.511650
8 333.987030 333.987030 112.000000 333.797121 299.278105 93.487269

(All distances are in millimeters.)
----------------------------------------------------------------------
