----------------------------------------------------------------------
Transformation Parameters

Patient number: 005
From: ct
To: mr_T1_rectified

Point      x          y          z        new_x       new_y       new_z

1 0.000000 0.000000 0.000000 -5.962053 -32.718138 -13.991567
2 333.987030 0.000000 0.000000 328.022991 -33.407572 -14.914357
3 0.000000 333.987030 0.000000 -5.267371 301.262751 -12.089188
4 333.987030 333.987030 0.000000 328.717672 300.573318 -13.011978
5 0.000000 0.000000 128.000000 -5.609906 -33.447954 114.005868
6 333.987030 0.000000 128.000000 328.375137 -34.137387 113.083078
7 0.000000 333.987030 128.000000 -4.915225 300.532936 115.908247
8 333.987030 333.987030 128.000000 329.069819 299.843502 114.985457

(All distances are in millimeters.)
----------------------------------------------------------------------
