----------------------------------------------------------------------
Transformation Parameters

Patient number: 002
From: ct
To: mr_PD_rectified

Point      x          y          z        new_x       new_y       new_z

1 0.000000 0.000000 0.000000 3.948095 -32.870423 -16.541808
2 333.987030 0.000000 0.000000 337.935095 -32.728823 -16.547152
3 0.000000 333.987030 0.000000 3.806485 301.115978 -17.174379
4 333.987030 333.987030 0.000000 337.793485 301.257578 -17.179723
5 0.000000 0.000000 112.000000 3.949797 -32.658294 95.457991
6 333.987030 0.000000 112.000000 337.936797 -32.516694 95.452647
7 0.000000 333.987030 112.000000 3.808187 301.328107 94.825420
8 333.987030 333.987030 112.000000 337.795187 301.469707 94.820076

(All distances are in millimeters.)
----------------------------------------------------------------------
