----------------------------------------------------------------------
Transformation Parameters

Patient number: 005
From: ct
To: mr_T2_rectified

Point      x          y          z        new_x       new_y       new_z

1 0.000000 0.000000 0.000000 -5.105751 -32.051213 -15.782352
2 333.987030 0.000000 0.000000 328.880401 -32.539903 -16.371839
3 0.000000 333.987030 0.000000 -4.617128 301.935458 -15.821095
4 333.987030 333.987030 0.000000 329.369024 301.446767 -16.410582
5 0.000000 0.000000 128.000000 -4.879810 -32.036695 112.217448
6 333.987030 0.000000 128.000000 329.106342 -32.525386 111.627961
7 0.000000 333.987030 128.000000 -4.391187 301.949975 112.178705
8 333.987030 333.987030 128.000000 329.594965 301.461285 111.589218

(All distances are in millimeters.)
----------------------------------------------------------------------
