----------------------------------------------------------------------
Transformation Parameters

Patient number: 007
From: pet
To: mr_T2

Point      x          y          z        new_x       new_y       new_z

1 0.000000 0.000000 0.000000 16.498284 -37.297197 -40.245702
2 329.021826 0.000000 0.000000 345.520010 -37.041218 -40.237806
3 0.000000 329.021826 0.000000 16.242305 291.724530 -40.243070
4 329.021826 329.021826 0.000000 345.264031 291.980508 -40.235174
5 0.000000 0.000000 112.000000 16.495597 -37.298095 71.754298
6 329.021826 0.000000 112.000000 345.517323 -37.042116 71.762194
7 0.000000 329.021826 112.000000 16.239618 291.723632 71.756930
8 329.021826 329.021826 112.000000 345.261344 291.979610 71.764826

(All distances are in millimeters.)
----------------------------------------------------------------------
