----------------------------------------------------------------------
Transformation Parameters

Patient number: 001
From: pet
To: mr_T1

Point      x          y          z        new_x       new_y       new_z

1 0.000000 0.000000 0.000000 20.169499 7.076649 -41.332700
2 329.021826 0.000000 0.000000 349.189240 7.148105 -42.501708
3 0.000000 329.021826 0.000000 20.101062 336.097370 -40.482837
4 329.021826 329.021826 0.000000 349.120804 336.168826 -41.651846
5 0.000000 0.000000 112.000000 20.567494 6.787438 70.666220
6 329.021826 0.000000 112.000000 349.587235 6.858894 69.497211
7 0.000000 329.021826 112.000000 20.499058 335.808159 71.516082
8 329.021826 329.021826 112.000000 349.518799 335.879615 70.347074

(All distances are in millimeters.)
----------------------------------------------------------------------
