----------------------------------------------------------------------
Transformation Parameters

Patient number: 005
From: pet
To: mr_T2_rectified

Point      x          y          z        new_x       new_y       new_z

1 0.000000 0.000000 0.000000 47.884259 22.936713 13.060376
2 246.766339 0.000000 0.000000 294.638429 22.187329 15.393712
3 0.000000 246.766339 0.000000 48.649217 269.696382 11.415197
4 246.766339 246.766339 0.000000 295.403386 268.946998 13.748533
5 0.000000 0.000000 112.000000 46.827523 23.686657 125.052879
6 246.766339 0.000000 112.000000 293.581692 22.937273 127.386215
7 0.000000 246.766339 112.000000 47.592480 270.446326 123.407700
8 246.766339 246.766339 112.000000 294.346650 269.696943 125.741036

(All distances are in millimeters.)
----------------------------------------------------------------------
