----------------------------------------------------------------------
Transformation Parameters

Patient number: 004
From: ct
To: mr_T2_rectified

Point      x          y          z        new_x       new_y       new_z

1 0.000000 0.000000 0.000000 1.923695 -30.422375 -38.612871
2 333.987030 0.000000 0.000000 335.907657 -30.634581 -37.197106
3 0.000000 333.987030 0.000000 2.134107 303.564320 -38.189042
4 333.987030 333.987030 0.000000 336.118069 303.352114 -36.773276
5 0.000000 0.000000 104.000000 1.482757 -30.554072 65.386110
6 333.987030 0.000000 104.000000 335.466719 -30.766278 66.801876
7 0.000000 333.987030 104.000000 1.693169 303.432623 65.809940
8 333.987030 333.987030 104.000000 335.677131 303.220417 67.225705

(All distances are in millimeters.)
----------------------------------------------------------------------
