----------------------------------------------------------------------
Transformation Parameters

Patient number: 006
From: ct
To: mr_T2_rectified

Point      x          y          z        new_x       new_y       new_z

1 0.000000 0.000000 0.000000 -7.761787 -33.241646 -25.457842
2 333.987030 0.000000 0.000000 326.223860 -33.619979 -24.574447
3 0.000000 333.987030 0.000000 -7.383714 300.745155 -25.359316
4 333.987030 333.987030 0.000000 326.601933 300.366823 -24.475921
5 0.000000 0.000000 116.000000 -8.068645 -33.275519 90.541747
6 333.987030 0.000000 116.000000 325.917002 -33.653851 91.425142
7 0.000000 333.987030 116.000000 -7.690572 300.711283 90.640273
8 333.987030 333.987030 116.000000 326.295075 300.332950 91.523668

(All distances are in millimeters.)
----------------------------------------------------------------------
