----------------------------------------------------------------------
Transformation Parameters

Patient number: 001
From: ct
To: mr_T2

Point      x          y          z        new_x       new_y       new_z

1 0.000000 0.000000 0.000000 0.602846 -25.532880 -1.308505
2 333.987030 0.000000 0.000000 334.588131 -26.332679 -2.033923
3 0.000000 333.987030 0.000000 1.401073 308.452411 -2.032589
4 333.987030 333.987030 0.000000 335.386357 307.652612 -2.758006
5 0.000000 0.000000 108.000000 0.837981 -25.299298 106.690986
6 333.987030 0.000000 108.000000 334.823265 -26.099097 105.965569
7 0.000000 333.987030 108.000000 1.636207 308.685993 105.966903
8 333.987030 333.987030 108.000000 335.621492 307.886194 105.241485

(All distances are in millimeters.)
----------------------------------------------------------------------
