----------------------------------------------------------------------
Transformation Parameters

Patient number: 001
From: ct
To: mr_T2_rectified

Point      x          y          z        new_x       new_y       new_z

1 0.000000 0.000000 0.000000 2.435943 -22.606001 -0.962744
2 333.987030 0.000000 0.000000 336.422336 -22.752928 -1.598655
3 0.000000 333.987030 0.000000 2.583232 311.380942 -0.772706
4 333.987030 333.987030 0.000000 336.569624 311.234016 -1.408616
5 0.000000 0.000000 108.000000 2.641548 -22.667544 107.037042
6 333.987030 0.000000 108.000000 336.627940 -22.814470 106.401132
7 0.000000 333.987030 108.000000 2.788836 311.319400 107.227081
8 333.987030 333.987030 108.000000 336.775229 311.172473 106.591170

(All distances are in millimeters.)
----------------------------------------------------------------------
