----------------------------------------------------------------------
Transformation Parameters

Patient number: 005
From: pet
To: mr_T2

Point      x          y          z        new_x       new_y       new_z

1 0.000000 0.000000 0.000000 48.737052 25.740098 -33.321336
2 246.766339 0.000000 0.000000 295.503024 25.858694 -33.730224
3 0.000000 246.766339 0.000000 48.616878 272.504568 -34.274345
4 246.766339 246.766339 0.000000 295.382850 272.623164 -34.683233
5 0.000000 0.000000 112.000000 48.922425 26.172731 78.677675
6 246.766339 0.000000 112.000000 295.688397 26.291327 78.268787
7 0.000000 246.766339 112.000000 48.802251 272.937201 77.724666
8 246.766339 246.766339 112.000000 295.568223 273.055797 77.315778

(All distances are in millimeters.)
----------------------------------------------------------------------
