----------------------------------------------------------------------
Transformation Parameters

Patient number: 009
From: pet
To: mr_T2

Point      x          y          z        new_x       new_y       new_z

1 0.000000 0.000000 0.000000 22.345510 -81.006612 -42.512457
2 329.021826 0.000000 0.000000 351.360852 -80.264759 -44.440182
3 0.000000 329.021826 0.000000 21.606858 248.013928 -41.964306
4 329.021826 329.021826 0.000000 350.622200 248.755781 -43.892032
5 0.000000 0.000000 112.000000 23.002132 -81.191727 69.485466
6 329.021826 0.000000 112.000000 352.017474 -80.449875 67.557740
7 0.000000 329.021826 112.000000 22.263479 247.828813 70.033616
8 329.021826 329.021826 112.000000 351.278822 248.570666 68.105891

(All distances are in millimeters.)
----------------------------------------------------------------------
