----------------------------------------------------------------------
Transformation Parameters

Patient number: 005
From: ct
To: mr_T2

Point      x          y          z        new_x       new_y       new_z

1 0.000000 0.000000 0.000000 -4.465186 -30.548051 -21.139442
2 333.987030 0.000000 0.000000 329.521810 -30.510744 -21.286063
3 0.000000 333.987030 0.000000 -4.502592 303.438900 -21.367221
4 333.987030 333.987030 0.000000 329.484404 303.476206 -21.513842
5 0.000000 0.000000 128.000000 -4.409003 -30.460748 106.860516
6 333.987030 0.000000 128.000000 329.577992 -30.423442 106.713895
7 0.000000 333.987030 128.000000 -4.446410 303.526202 106.632737
8 333.987030 333.987030 128.000000 329.540586 303.563509 106.486116

(All distances are in millimeters.)
----------------------------------------------------------------------
