----------------------------------------------------------------------
Transformation Parameters

Patient number: 006
From: ct
To: mr_PD_rectified

Point      x          y          z        new_x       new_y       new_z

1 0.000000 0.000000 0.000000 -6.477157 -32.741311 -20.376228
2 333.987030 0.000000 0.000000 327.509444 -32.859308 -20.898582
3 0.000000 333.987030 0.000000 -6.357924 301.244762 -19.585681
4 333.987030 333.987030 0.000000 327.628677 301.126765 -20.108035
5 0.000000 0.000000 116.000000 -6.295831 -33.015947 95.623305
6 333.987030 0.000000 116.000000 327.690770 -33.133944 95.100951
7 0.000000 333.987030 116.000000 -6.176598 300.970126 96.413852
8 333.987030 333.987030 116.000000 327.810003 300.852129 95.891498

(All distances are in millimeters.)
----------------------------------------------------------------------
