----------------------------------------------------------------------
Transformation Parameters

Patient number: 007
From: ct
To: mr_T1

Point      x          y          z        new_x       new_y       new_z

1 0.000000 0.000000 0.000000 -6.329516 -22.866318 -7.682009
2 333.987030 0.000000 0.000000 327.657331 -22.516637 -7.675997
3 0.000000 333.987030 0.000000 -6.679200 311.120463 -7.472599
4 333.987030 333.987030 0.000000 327.307647 311.470144 -7.466588
5 0.000000 0.000000 108.000000 -6.331389 -22.934036 100.317970
6 333.987030 0.000000 108.000000 327.655458 -22.584355 100.323981
7 0.000000 333.987030 108.000000 -6.681073 311.052745 100.527379
8 333.987030 333.987030 108.000000 327.305774 311.402426 100.533391

(All distances are in millimeters.)
----------------------------------------------------------------------
