----------------------------------------------------------------------
Transformation Parameters

Patient number: 001
From: pet
To: mr_PD

Point      x          y          z        new_x       new_y       new_z

1 0.000000 0.000000 0.000000 2.435943 -22.606001 -0.962744
2 83.006561 0.000000 0.000000 85.442346 -22.642517 -1.120789
3 0.000000 83.006561 0.000000 2.472549 60.400538 -0.915514
4 83.006561 83.006561 0.000000 85.478952 60.364023 -1.073558
5 0.000000 0.000000 56.000000 2.542553 -22.637912 55.037145
6 83.006561 0.000000 56.000000 85.548956 -22.674428 54.879101
7 0.000000 83.006561 56.000000 2.579159 60.368627 55.084376
8 83.006561 83.006561 56.000000 85.585562 60.332112 54.926332

(All distances are in millimeters.)
----------------------------------------------------------------------
