----------------------------------------------------------------------
Transformation Parameters

Patient number: 006
From: pet
To: mr_T1

Point      x          y          z        new_x       new_y       new_z

1 0.000000 0.000000 0.000000 9.018610 2.312999 -1.433012
2 329.021826 0.000000 0.000000 338.039834 2.760744 -0.991136
3 0.000000 329.021826 0.000000 8.571140 331.334457 -1.638321
4 329.021826 329.021826 0.000000 337.592365 331.782201 -1.196445
5 0.000000 0.000000 112.000000 8.868099 2.382682 110.566865
6 329.021826 0.000000 112.000000 337.889323 2.830427 111.008741
7 0.000000 329.021826 112.000000 8.420630 331.404140 110.361556
8 329.021826 329.021826 112.000000 337.441854 331.851885 110.803432

(All distances are in millimeters.)
----------------------------------------------------------------------
