----------------------------------------------------------------------
Transformation Parameters

Patient number: 003
From: ct
To: mr_PD_rectified

Point      x          y          z        new_x       new_y       new_z

1 0.000000 0.000000 0.000000 14.079588 -43.701459 22.130484
2 333.987030 0.000000 0.000000 348.066237 -43.407722 21.720015
3 0.000000 333.987030 0.000000 13.784679 290.284076 21.175616
4 333.987030 333.987030 0.000000 347.771327 290.577813 20.765148
5 0.000000 0.000000 132.000000 14.241483 -43.323929 154.129844
6 333.987030 0.000000 132.000000 348.228131 -43.030192 153.719376
7 0.000000 333.987030 132.000000 13.946573 290.661606 153.174977
8 333.987030 333.987030 132.000000 347.933222 290.955343 152.764508

(All distances are in millimeters.)
----------------------------------------------------------------------
