----------------------------------------------------------------------
Transformation Parameters

Patient number: 008
From: pet
To: mr_T1

Point      x          y          z        new_x       new_y       new_z

1 0.000000 0.000000 0.000000 22.309898 12.605360 -28.882021
2 329.021826 0.000000 0.000000 351.331274 12.061180 -28.870506
3 0.000000 329.021826 0.000000 22.854099 341.626160 -29.497950
4 329.021826 329.021826 0.000000 351.875475 341.081979 -29.486434
5 0.000000 0.000000 112.000000 22.306325 12.815030 83.117782
6 329.021826 0.000000 112.000000 351.327701 12.270850 83.129298
7 0.000000 329.021826 112.000000 22.850526 341.835830 82.501854
8 329.021826 329.021826 112.000000 351.871902 341.291649 82.513369

(All distances are in millimeters.)
----------------------------------------------------------------------
