----------------------------------------------------------------------
Transformation Parameters

Patient number: 006
From: ct
To: mr_T2

Point      x          y          z        new_x       new_y       new_z

1 0.000000 0.000000 0.000000 -6.907546 -33.446783 -24.390694
2 333.987030 0.000000 0.000000 327.078297 -34.284649 -24.692616
3 0.000000 333.987030 0.000000 -6.070579 300.537728 -25.381632
4 333.987030 333.987030 0.000000 327.915264 299.699862 -25.683554
5 0.000000 0.000000 116.000000 -6.801820 -33.102876 91.608748
6 333.987030 0.000000 116.000000 327.184023 -33.940742 91.306826
7 0.000000 333.987030 116.000000 -5.964853 300.881635 90.617810
8 333.987030 333.987030 116.000000 328.020990 300.043769 90.315888

(All distances are in millimeters.)
----------------------------------------------------------------------
