----------------------------------------------------------------------
Transformation Parameters

Patient number: 002
From: ct
To: mr_PD_rectified

Point      x          y          z        new_x       new_y       new_z

1 0.000000 0.000000 0.000000 2.039322 -31.393185 -15.843186
2 333.987030 0.000000 0.000000 336.025855 -31.209249 -16.389254
3 0.000000 333.987030 0.000000 1.854627 302.593472 -16.306760
4 333.987030 333.987030 0.000000 335.841160 302.777408 -16.852828
5 0.000000 0.000000 112.000000 2.222356 -31.237628 96.156556
6 333.987030 0.000000 112.000000 336.208889 -31.053692 95.610488
7 0.000000 333.987030 112.000000 2.037661 302.749029 95.692982
8 333.987030 333.987030 112.000000 336.024194 302.932965 95.146914

(All distances are in millimeters.)
----------------------------------------------------------------------
