----------------------------------------------------------------------
Transformation Parameters

Patient number: 007
From: pet
To: mr_T2_rectified

Point      x          y          z        new_x       new_y       new_z

1 0.000000 0.000000 0.000000 16.018248 -3.109964 -37.973115
2 329.021826 0.000000 0.000000 345.039789 -3.493398 -37.773399
3 0.000000 329.021826 0.000000 16.401558 325.911575 -37.768135
4 329.021826 329.021826 0.000000 345.423100 325.528140 -37.568418
5 0.000000 0.000000 112.000000 15.950182 -3.179660 74.026842
6 329.021826 0.000000 112.000000 344.971724 -3.563095 74.226559
7 0.000000 329.021826 112.000000 16.333493 325.841878 74.231823
8 329.021826 329.021826 112.000000 345.355034 325.458444 74.431539

(All distances are in millimeters.)
----------------------------------------------------------------------
