----------------------------------------------------------------------
Transformation Parameters

Patient number: 008
From: pet
To: mr_T2

Point      x          y          z        new_x       new_y       new_z

1 0.000000 0.000000 0.000000 12.485567 19.261841 -37.943014
2 329.021826 0.000000 0.000000 341.506557 19.451896 -37.226076
3 0.000000 329.021826 0.000000 12.295392 348.283607 -37.888396
4 329.021826 329.021826 0.000000 341.316382 348.473662 -37.171458
5 0.000000 0.000000 112.000000 12.241530 19.243108 74.056718
6 329.021826 0.000000 112.000000 341.262520 19.433163 74.773656
7 0.000000 329.021826 112.000000 12.051355 348.264874 74.111336
8 329.021826 329.021826 112.000000 341.072345 348.454929 74.828274

(All distances are in millimeters.)
----------------------------------------------------------------------
