----------------------------------------------------------------------
Transformation Parameters

Patient number: 002
From: pet
To: mr_T2_rectified

Point      x          y          z        new_x       new_y       new_z

1 0.000000 0.000000 0.000000 9.293588 12.507385 -19.160535
2 329.021826 0.000000 0.000000 338.314424 12.173562 -19.895563
3 0.000000 329.021826 0.000000 9.630503 341.526123 -17.775357
4 329.021826 329.021826 0.000000 338.651339 341.192300 -18.510385
5 0.000000 0.000000 112.000000 9.543313 12.035612 92.838193
6 329.021826 0.000000 112.000000 338.564148 11.701789 92.103165
7 0.000000 329.021826 112.000000 9.880228 341.054349 94.223371
8 329.021826 329.021826 112.000000 338.901064 340.720526 93.488343

(All distances are in millimeters.)
----------------------------------------------------------------------
