----------------------------------------------------------------------
Transformation Parameters

Patient number: 004
From: ct
To: mr_T1

Point      x          y          z        new_x       new_y       new_z

1 0.000000 0.000000 0.000000 -0.207498 -28.667016 -35.354963
2 333.987030 0.000000 0.000000 333.778749 -28.928900 -34.680644
3 0.000000 333.987030 0.000000 0.055683 305.319293 -35.997219
4 333.987030 333.987030 0.000000 334.041930 305.057409 -35.322901
5 0.000000 0.000000 104.000000 -0.417316 -28.466859 68.644633
6 333.987030 0.000000 104.000000 333.568931 -28.728743 69.318951
7 0.000000 333.987030 104.000000 -0.154135 305.519450 68.002376
8 333.987030 333.987030 104.000000 333.832112 305.257566 68.676695

(All distances are in millimeters.)
----------------------------------------------------------------------
