----------------------------------------------------------------------
Transformation Parameters

Patient number: 005
From: pet
To: mr_T2_rectified

Point      x          y          z        new_x       new_y       new_z

1 0.000000 0.000000 0.000000 50.577276 23.492670 2.724563
2 246.766339 0.000000 0.000000 297.341673 23.655003 3.689910
3 0.000000 246.766339 0.000000 50.414163 270.258875 2.923457
4 246.766339 246.766339 0.000000 297.178561 270.421208 3.888804
5 0.000000 0.000000 112.000000 50.139192 23.402109 114.723670
6 246.766339 0.000000 112.000000 296.903590 23.564442 115.689017
7 0.000000 246.766339 112.000000 49.976080 270.168314 114.922564
8 246.766339 246.766339 112.000000 296.740477 270.330647 115.887911

(All distances are in millimeters.)
----------------------------------------------------------------------
