----------------------------------------------------------------------
Transformation Parameters

Patient number: 005
From: pet
To: mr_T1_rectified

Point      x          y          z        new_x       new_y       new_z

1 0.000000 0.000000 0.000000 50.484437 26.280873 17.203046
2 246.766339 0.000000 0.000000 297.250395 26.644477 16.966645
3 0.000000 246.766339 0.000000 50.121693 273.045318 18.099052
4 246.766339 246.766339 0.000000 296.887651 273.408923 17.862652
5 0.000000 0.000000 112.000000 50.592330 25.874360 129.202256
6 246.766339 0.000000 112.000000 297.358288 26.237965 128.965856
7 0.000000 246.766339 112.000000 50.229586 272.638806 130.098263
8 246.766339 246.766339 112.000000 296.995544 273.002410 129.861862

(All distances are in millimeters.)
----------------------------------------------------------------------
