----------------------------------------------------------------------
Transformation Parameters

Patient number: 009
From: pet
To: mr_PD

Point      x          y          z        new_x       new_y       new_z

1 0.000000 0.000000 0.000000 8.200280 -2.447549 -27.103909
2 329.021826 0.000000 0.000000 337.222034 -2.593529 -27.264801
3 0.000000 329.021826 0.000000 8.346366 326.574173 -26.887084
4 329.021826 329.021826 0.000000 337.368120 326.428193 -27.047975
5 0.000000 0.000000 112.000000 8.255016 -2.521381 84.896053
6 329.021826 0.000000 112.000000 337.276770 -2.667361 84.735162
7 0.000000 329.021826 112.000000 8.401101 326.500341 85.112879
8 329.021826 329.021826 112.000000 337.422855 326.354361 84.951987

(All distances are in millimeters.)
----------------------------------------------------------------------
