----------------------------------------------------------------------
Transformation Parameters

Patient number: 005
From: ct
To: mr_T1

Point      x          y          z        new_x       new_y       new_z

1 0.000000 0.000000 0.000000 -6.010871 -31.825708 -18.015275
2 333.987030 0.000000 0.000000 327.975830 -31.868508 -17.548697
3 0.000000 333.987030 0.000000 -5.969457 302.159847 -17.023335
4 333.987030 333.987030 0.000000 328.017244 302.117047 -16.556757
5 0.000000 0.000000 128.000000 -6.189734 -32.205845 109.984035
6 333.987030 0.000000 128.000000 327.796967 -32.248645 110.450613
7 0.000000 333.987030 128.000000 -6.148320 301.779710 110.975975
8 333.987030 333.987030 128.000000 327.838381 301.736910 111.442553

(All distances are in millimeters.)
----------------------------------------------------------------------
