----------------------------------------------------------------------
Transformation Parameters

Patient number: 001
From: pet
To: mr_PD_rectified

Point      x          y          z        new_x       new_y       new_z

1 0.000000 0.000000 0.000000 9.010406 -13.920294 10.288123
2 329.021826 0.000000 0.000000 338.032101 -13.686701 10.110781
3 0.000000 329.021826 0.000000 8.776800 315.101448 10.265750
4 329.021826 329.021826 0.000000 337.798495 315.335041 10.088407
5 0.000000 0.000000 112.000000 9.070768 -13.912635 122.288107
6 329.021826 0.000000 112.000000 338.092463 -13.679042 122.110764
7 0.000000 329.021826 112.000000 8.837163 315.109107 122.265733
8 329.021826 329.021826 112.000000 337.858858 315.342700 122.088391

(All distances are in millimeters.)
----------------------------------------------------------------------
