----------------------------------------------------------------------
Transformation Parameters

Patient number: 002
From: pet
To: mr_T1

Point      x          y          z        new_x       new_y       new_z

1 0.000000 0.000000 0.000000 15.797271 14.720434 -51.995478
2 329.021826 0.000000 0.000000 344.817208 14.508459 -53.090131
3 0.000000 329.021826 0.000000 16.009161 343.742191 -52.021470
4 329.021826 329.021826 0.000000 345.029098 343.530215 -53.116124
5 0.000000 0.000000 112.000000 16.169900 14.729042 60.003902
6 329.021826 0.000000 112.000000 345.189837 14.517067 58.909248
7 0.000000 329.021826 112.000000 16.381790 343.750799 59.977909
8 329.021826 329.021826 112.000000 345.401727 343.538823 58.883256

(All distances are in millimeters.)
----------------------------------------------------------------------
