----------------------------------------------------------------------
Transformation Parameters

Patient number: 002
From: pet
To: mr_T1_rectified

Point      x          y          z        new_x       new_y       new_z

1 0.000000 0.000000 0.000000 9.598670 24.536617 -27.449974
2 329.021826 0.000000 0.000000 338.620108 25.040699 -27.413124
3 0.000000 329.021826 0.000000 9.094609 353.558004 -27.635214
4 329.021826 329.021826 0.000000 338.116046 354.062086 -27.598363
5 0.000000 0.000000 112.000000 9.586029 24.599653 84.550007
6 329.021826 0.000000 112.000000 338.607467 25.103735 84.586858
7 0.000000 329.021826 112.000000 9.081968 353.621041 84.364768
8 329.021826 329.021826 112.000000 338.103406 354.125123 84.401618

(All distances are in millimeters.)
----------------------------------------------------------------------
