----------------------------------------------------------------------
Transformation Parameters

Patient number: 007
From: pet
To: mr_PD_rectified

Point      x          y          z        new_x       new_y       new_z

1 0.000000 0.000000 0.000000 8.817158 -3.648245 8.509111
2 329.021826 0.000000 0.000000 337.838659 -3.690434 8.969412
3 0.000000 329.021826 0.000000 8.859273 325.373573 8.561755
4 329.021826 329.021826 0.000000 337.880774 325.331385 9.022056
5 0.000000 0.000000 112.000000 8.660468 -3.666145 120.509000
6 329.021826 0.000000 112.000000 337.681969 -3.708334 120.969301
7 0.000000 329.021826 112.000000 8.702583 325.355674 120.561644
8 329.021826 329.021826 112.000000 337.724084 325.313485 121.021945

(All distances are in millimeters.)
----------------------------------------------------------------------
