----------------------------------------------------------------------
Transformation Parameters

Patient number: 008
From: pet
To: mr_T1

Point      x          y          z        new_x       new_y       new_z

1 0.000000 0.000000 0.000000 0.846526 9.384112 -28.556414
2 329.021826 0.000000 0.000000 329.867504 9.630245 -29.261835
3 0.000000 329.021826 0.000000 0.599760 338.405713 -28.851546
4 329.021826 329.021826 0.000000 329.620737 338.651846 -29.556968
5 0.000000 0.000000 112.000000 1.086578 9.484756 83.443284
6 329.021826 0.000000 112.000000 330.107556 9.730889 82.737862
7 0.000000 329.021826 112.000000 0.839812 338.506357 83.148151
8 329.021826 329.021826 112.000000 329.860790 338.752490 82.442730

(All distances are in millimeters.)
----------------------------------------------------------------------
