----------------------------------------------------------------------
Transformation Parameters

Patient number: 003
From: ct
To: mr_T1

Point      x          y          z        new_x       new_y       new_z

1 0.000000 0.000000 0.000000 -0.330933 -30.505179 -36.432635
2 333.987030 0.000000 0.000000 333.656010 -30.362019 -36.238255
3 0.000000 333.987030 0.000000 -0.473880 303.481618 -36.799687
4 333.987030 333.987030 0.000000 333.513063 303.624778 -36.605307
5 0.000000 0.000000 132.000000 -0.407819 -30.360144 95.567263
6 333.987030 0.000000 132.000000 333.579124 -30.216984 95.761643
7 0.000000 333.987030 132.000000 -0.550766 303.626653 95.200211
8 333.987030 333.987030 132.000000 333.436177 303.769813 95.394591

(All distances are in millimeters.)
----------------------------------------------------------------------
