----------------------------------------------------------------------
Transformation Parameters

Patient number: 006
From: ct
To: mr_T2_rectified

Point      x          y          z        new_x       new_y       new_z

1 0.000000 0.000000 0.000000 -5.834845 -31.490473 -21.355496
2 333.987030 0.000000 0.000000 328.151566 -31.632133 -21.982722
3 0.000000 333.987030 0.000000 -5.692233 302.496141 -20.848169
4 333.987030 333.987030 0.000000 328.294178 302.354482 -21.475396
5 0.000000 0.000000 116.000000 -5.617072 -31.666770 94.644166
6 333.987030 0.000000 116.000000 328.369339 -31.808429 94.016939
7 0.000000 333.987030 116.000000 -5.474460 302.319845 95.151492
8 333.987030 333.987030 116.000000 328.511951 302.178185 94.524266

(All distances are in millimeters.)
----------------------------------------------------------------------
