----------------------------------------------------------------------
Transformation Parameters

Patient number: 009
From: pet
To: mr_T2

Point      x          y          z        new_x       new_y       new_z

1 0.000000 0.000000 0.000000 7.635521 -6.173298 -26.773771
2 329.021826 0.000000 0.000000 336.656958 -6.211546 -26.269381
3 0.000000 329.021826 0.000000 7.674017 322.848485 -26.935650
4 329.021826 329.021826 0.000000 336.695454 322.810238 -26.431260
5 0.000000 0.000000 112.000000 7.463832 -6.118174 85.226084
6 329.021826 0.000000 112.000000 336.485269 -6.156422 85.730474
7 0.000000 329.021826 112.000000 7.502327 322.903609 85.064205
8 329.021826 329.021826 112.000000 336.523764 322.865362 85.568595

(All distances are in millimeters.)
----------------------------------------------------------------------
