----------------------------------------------------------------------
Transformation Parameters

Patient number: 001
From: pet
To: mr_T2

Point      x          y          z        new_x       new_y       new_z

1 0.000000 0.000000 0.000000 11.129970 -27.568331 -21.073017
2 329.021826 0.000000 0.000000 340.151312 -28.121508 -20.963453
3 0.000000 329.021826 0.000000 11.683383 301.452255 -21.786665
4 329.021826 329.021826 0.000000 340.704725 300.899079 -21.677101
5 0.000000 0.000000 112.000000 11.093082 -27.325341 90.926713
6 329.021826 0.000000 112.000000 340.114425 -27.878518 91.036277
7 0.000000 329.021826 112.000000 11.646496 301.695246 90.213065
8 329.021826 329.021826 112.000000 340.667838 301.142069 90.322629

(All distances are in millimeters.)
----------------------------------------------------------------------
