----------------------------------------------------------------------
Transformation Parameters

Patient number: 006
From: ct
To: mr_T1

Point      x          y          z        new_x       new_y       new_z

1 0.000000 0.000000 0.000000 -8.066797 -31.339984 -25.398655
2 333.987030 0.000000 0.000000 325.920045 -31.337430 -25.043961
3 0.000000 333.987030 0.000000 -8.069469 302.647027 -25.287437
4 333.987030 333.987030 0.000000 325.917373 302.649581 -24.932743
5 0.000000 0.000000 116.000000 -8.189989 -31.378613 90.601273
6 333.987030 0.000000 116.000000 325.796853 -31.376059 90.955967
7 0.000000 333.987030 116.000000 -8.192661 302.608398 90.712491
8 333.987030 333.987030 116.000000 325.794181 302.610952 91.067185

(All distances are in millimeters.)
----------------------------------------------------------------------
