----------------------------------------------------------------------
Transformation Parameters

Patient number: 001
From: ct
To: mr_T2

Point      x          y          z        new_x       new_y       new_z

1 0.000000 0.000000 0.000000 1.622858 -24.533291 -2.525242
2 333.987030 0.000000 0.000000 335.608452 -24.623079 -1.550002
3 0.000000 333.987030 0.000000 1.713034 309.453700 -2.658169
4 333.987030 333.987030 0.000000 335.698628 309.363912 -1.682929
5 0.000000 0.000000 108.000000 1.307510 -24.490222 105.474289
6 333.987030 0.000000 108.000000 335.293104 -24.580010 106.449529
7 0.000000 333.987030 108.000000 1.397686 309.496769 105.341362
8 333.987030 333.987030 108.000000 335.383280 309.406981 106.316602

(All distances are in millimeters.)
----------------------------------------------------------------------
