----------------------------------------------------------------------
Transformation Parameters

Patient number: 005
From: ct
To: mr_T2_rectified

Point      x          y          z        new_x       new_y       new_z

1 0.000000 0.000000 0.000000 -6.110733 -33.046450 -17.356184
2 333.987030 0.000000 0.000000 327.875658 -33.068158 -16.703240
3 0.000000 333.987030 0.000000 -6.089358 300.940536 -17.186185
4 333.987030 333.987030 0.000000 327.897033 300.918828 -16.533241
5 0.000000 0.000000 128.000000 -6.360977 -33.111586 110.643555
6 333.987030 0.000000 128.000000 327.625414 -33.133294 111.296499
7 0.000000 333.987030 128.000000 -6.339602 300.875400 110.813554
8 333.987030 333.987030 128.000000 327.646789 300.853692 111.466498

(All distances are in millimeters.)
----------------------------------------------------------------------
