----------------------------------------------------------------------
Transformation Parameters

Patient number: 002
From: ct
To: mr_T2

Point      x          y          z        new_x       new_y       new_z

1 0.000000 0.000000 0.000000 0.011446 -32.867017 -21.261052
2 333.987030 0.000000 0.000000 333.998374 -32.946879 -21.012566
3 0.000000 333.987030 0.000000 0.091602 301.119767 -21.658162
4 333.987030 333.987030 0.000000 334.078530 301.039906 -21.409676
5 0.000000 0.000000 112.000000 -0.071850 -32.733829 90.738838
6 333.987030 0.000000 112.000000 333.915078 -32.813691 90.987324
7 0.000000 333.987030 112.000000 0.008306 301.252955 90.341728
8 333.987030 333.987030 112.000000 333.995234 301.173093 90.590214

(All distances are in millimeters.)
----------------------------------------------------------------------
