----------------------------------------------------------------------
Transformation Parameters

Patient number: 002
From: pet
To: mr_PD

Point      x          y          z        new_x       new_y       new_z

1 0.000000 0.000000 0.000000 15.814656 15.221071 -32.308484
2 329.021826 0.000000 0.000000 344.835979 14.715935 -32.584204
3 0.000000 329.021826 0.000000 16.319705 344.242493 -32.413113
4 329.021826 329.021826 0.000000 345.341027 343.737357 -32.688833
5 0.000000 0.000000 112.000000 15.908567 15.256543 79.691471
6 329.021826 0.000000 112.000000 344.929889 14.751407 79.415751
7 0.000000 329.021826 112.000000 16.413615 344.277964 79.586842
8 329.021826 329.021826 112.000000 345.434938 343.772829 79.311122

(All distances are in millimeters.)
----------------------------------------------------------------------
