----------------------------------------------------------------------
Transformation Parameters

Patient number: 007
From: ct
To: mr_PD

Point      x          y          z        new_x       new_y       new_z

1 0.000000 0.000000 0.000000 -5.972906 -21.137894 -9.831526
2 333.987030 0.000000 0.000000 328.013952 -21.442435 -9.682902
3 0.000000 333.987030 0.000000 -5.668644 312.848413 -9.206636
4 333.987030 333.987030 0.000000 328.318214 312.543872 -9.058012
5 0.000000 0.000000 108.000000 -6.021150 -21.339918 98.168274
6 333.987030 0.000000 108.000000 327.965708 -21.644459 98.316898
7 0.000000 333.987030 108.000000 -5.716888 312.646389 98.793164
8 333.987030 333.987030 108.000000 328.269970 312.341848 98.941788

(All distances are in millimeters.)
----------------------------------------------------------------------
