----------------------------------------------------------------------
Transformation Parameters

Patient number: 007
From: ct
To: mr_T2_rectified

Point      x          y          z        new_x       new_y       new_z

1 0.000000 0.000000 0.000000 -3.866797 -22.455668 -5.570977
2 333.987030 0.000000 0.000000 330.120082 -22.325940 -5.860877
3 0.000000 333.987030 0.000000 -3.996718 311.531263 -5.792410
4 333.987030 333.987030 0.000000 329.990161 311.660992 -6.082311
5 0.000000 0.000000 108.000000 -3.773081 -22.384028 102.428959
6 333.987030 0.000000 108.000000 330.213798 -22.254299 102.139058
7 0.000000 333.987030 108.000000 -3.903002 311.602904 102.207525
8 333.987030 333.987030 108.000000 330.083877 311.732632 101.917625

(All distances are in millimeters.)
----------------------------------------------------------------------
