----------------------------------------------------------------------
Transformation Parameters

Patient number: 003
From: ct
To: mr_T2

Point      x          y          z        new_x       new_y       new_z

1 0.000000 0.000000 0.000000 -1.472592 -31.862537 -33.360235
2 333.987030 0.000000 0.000000 332.514395 -31.963485 -33.494831
3 0.000000 333.987030 0.000000 -1.371728 302.124413 -33.568308
4 333.987030 333.987030 0.000000 332.615259 302.023465 -33.702905
5 0.000000 0.000000 132.000000 -1.419371 -31.780317 98.639729
6 333.987030 0.000000 132.000000 332.567616 -31.881265 98.505132
7 0.000000 333.987030 132.000000 -1.318507 302.206633 98.431655
8 333.987030 333.987030 132.000000 332.668480 302.105685 98.297059

(All distances are in millimeters.)
----------------------------------------------------------------------
