----------------------------------------------------------------------
Transformation Parameters

Patient number: 006
From: ct
To: mr_PD

Point      x          y          z        new_x       new_y       new_z

1 0.000000 0.000000 0.000000 -8.261868 -31.667018 -24.645022
2 333.987030 0.000000 0.000000 325.725139 -31.748464 -24.738538
3 0.000000 333.987030 0.000000 -8.180375 302.319960 -24.478363
4 333.987030 333.987030 0.000000 325.806632 302.238514 -24.571879
5 0.000000 0.000000 116.000000 -8.229402 -31.724910 91.354959
6 333.987030 0.000000 116.000000 325.757605 -31.806356 91.261443
7 0.000000 333.987030 116.000000 -8.147909 302.262068 91.521618
8 333.987030 333.987030 116.000000 325.839098 302.180622 91.428102

(All distances are in millimeters.)
----------------------------------------------------------------------
