----------------------------------------------------------------------
Transformation Parameters

Patient number: 002
From: ct
To: mr_T1_rectified

Point      x          y          z        new_x       new_y       new_z

1 0.000000 0.000000 0.000000 2.512335 -27.650981 -18.083327
2 333.987030 0.000000 0.000000 336.499341 -27.610512 -18.203563
3 0.000000 333.987030 0.000000 2.471923 306.336009 -17.924683
4 333.987030 333.987030 0.000000 336.458929 306.376478 -18.044919
5 0.000000 0.000000 112.000000 2.552661 -27.704176 93.916653
6 333.987030 0.000000 112.000000 336.539667 -27.663707 93.796417
7 0.000000 333.987030 112.000000 2.512249 306.282814 94.075297
8 333.987030 333.987030 112.000000 336.499255 306.323283 93.955061

(All distances are in millimeters.)
----------------------------------------------------------------------
