----------------------------------------------------------------------
Transformation Parameters

Patient number: 001
From: pet
To: mr_T1

Point      x          y          z        new_x       new_y       new_z

1 0.000000 0.000000 0.000000 5.270072 -16.158573 7.236094
2 329.021826 0.000000 0.000000 334.291131 -16.411188 6.572457
3 0.000000 329.021826 0.000000 5.522760 312.863153 7.272615
4 329.021826 329.021826 0.000000 334.543820 312.610539 6.608979
5 0.000000 0.000000 112.000000 5.495966 -16.171179 119.235865
6 329.021826 0.000000 112.000000 334.517025 -16.423793 118.572229
7 0.000000 329.021826 112.000000 5.748655 312.850548 119.272387
8 329.021826 329.021826 112.000000 334.769714 312.597933 118.608750

(All distances are in millimeters.)
----------------------------------------------------------------------
