----------------------------------------------------------------------
Transformation Parameters

Patient number: 001
From: pet
To: mr_T2_rectified

Point      x          y          z        new_x       new_y       new_z

1 0.000000 0.000000 0.000000 7.077630 -10.536288 -41.184562
2 329.021826 0.000000 0.000000 336.096100 -10.881163 -42.629950
3 0.000000 329.021826 0.000000 7.422445 318.485357 -41.199039
4 329.021826 329.021826 0.000000 336.440915 318.140482 -42.644427
5 0.000000 0.000000 112.000000 7.569649 -10.531876 70.814357
6 329.021826 0.000000 112.000000 336.588119 -10.876751 69.368969
7 0.000000 329.021826 112.000000 7.914464 318.489769 70.799880
8 329.021826 329.021826 112.000000 336.932934 318.144894 69.354492

(All distances are in millimeters.)
----------------------------------------------------------------------
