----------------------------------------------------------------------
Transformation Parameters

Patient number: 006
From: pet
To: mr_T1

Point      x          y          z        new_x       new_y       new_z

1 0.000000 0.000000 0.000000 14.608852 8.695035 -19.143070
2 329.021826 0.000000 0.000000 343.628204 8.986473 -20.385120
3 0.000000 329.021826 0.000000 14.314378 337.715747 -19.946869
4 329.021826 329.021826 0.000000 343.333730 338.007185 -21.188920
5 0.000000 0.000000 112.000000 15.031405 8.969027 92.855798
6 329.021826 0.000000 112.000000 344.050758 9.260465 91.613747
7 0.000000 329.021826 112.000000 14.736932 337.989739 92.051998
8 329.021826 329.021826 112.000000 343.756284 338.281177 90.809948

(All distances are in millimeters.)
----------------------------------------------------------------------
