----------------------------------------------------------------------
Transformation Parameters

Patient number: 006
From: ct
To: mr_PD_rectified

Point      x          y          z        new_x       new_y       new_z

1 0.000000 0.000000 0.000000 -6.387121 -31.538577 -22.918278
2 333.987030 0.000000 0.000000 327.599904 -31.596330 -22.940655
3 0.000000 333.987030 0.000000 -6.329341 302.448197 -22.508810
4 333.987030 333.987030 0.000000 327.657683 302.390445 -22.531187
5 0.000000 0.000000 116.000000 -6.379373 -31.680794 93.081635
6 333.987030 0.000000 116.000000 327.607651 -31.738547 93.059258
7 0.000000 333.987030 116.000000 -6.321594 302.305980 93.491103
8 333.987030 333.987030 116.000000 327.665431 302.248227 93.468726

(All distances are in millimeters.)
----------------------------------------------------------------------
