----------------------------------------------------------------------
Transformation Parameters

Patient number: 004
From: ct
To: mr_PD_rectified

Point      x          y          z        new_x       new_y       new_z

1 0.000000 0.000000 0.000000 0.923510 -31.329645 -33.636757
2 333.987030 0.000000 0.000000 334.910342 -31.042433 -33.414655
3 0.000000 333.987030 0.000000 0.636281 302.657261 -33.611040
4 333.987030 333.987030 0.000000 334.623113 302.944472 -33.388938
5 0.000000 0.000000 104.000000 0.854357 -31.337712 70.363220
6 333.987030 0.000000 104.000000 334.841189 -31.050501 70.585322
7 0.000000 333.987030 104.000000 0.567128 302.649193 70.388937
8 333.987030 333.987030 104.000000 334.553960 302.936405 70.611039

(All distances are in millimeters.)
----------------------------------------------------------------------
