----------------------------------------------------------------------
Transformation Parameters

Patient number: 009
From: pet
To: mr_T1

Point      x          y          z        new_x       new_y       new_z

1 0.000000 0.000000 0.000000 7.248756 -2.501103 -28.461617
2 329.021826 0.000000 0.000000 336.270079 -1.991766 -28.729111
3 0.000000 329.021826 0.000000 6.739760 326.520063 -28.043101
4 329.021826 329.021826 0.000000 335.761083 327.029400 -28.310596
5 0.000000 0.000000 112.000000 7.340033 -2.643426 83.538256
6 329.021826 0.000000 112.000000 336.361356 -2.134089 83.270761
7 0.000000 329.021826 112.000000 6.831037 326.377740 83.956771
8 329.021826 329.021826 112.000000 335.852359 326.887077 83.689277

(All distances are in millimeters.)
----------------------------------------------------------------------
