----------------------------------------------------------------------
Transformation Parameters

Patient number: 002
From: ct
To: mr_T1

Point      x          y          z        new_x       new_y       new_z

1 0.000000 0.000000 0.000000 0.654014 -26.236762 -18.017930
2 333.987030 0.000000 0.000000 334.640763 -25.803913 -18.024610
3 0.000000 333.987030 0.000000 0.221167 307.749974 -17.921074
4 333.987030 333.987030 0.000000 334.207916 308.182823 -17.927753
5 0.000000 0.000000 112.000000 0.656296 -26.269239 93.982065
6 333.987030 0.000000 112.000000 334.643045 -25.836390 93.975386
7 0.000000 333.987030 112.000000 0.223449 307.717497 94.078922
8 333.987030 333.987030 112.000000 334.210198 308.150346 94.072242

(All distances are in millimeters.)
----------------------------------------------------------------------
