----------------------------------------------------------------------
Transformation Parameters

Patient number: 001
From: ct
To: mr_PD

Point      x          y          z        new_x       new_y       new_z

1 0.000000 0.000000 0.000000 0.681644 -22.864402 -1.300910
2 333.987030 0.000000 0.000000 334.668374 -22.824259 -1.747116
3 0.000000 333.987030 0.000000 0.640898 311.122320 -1.752794
4 333.987030 333.987030 0.000000 334.627628 311.162463 -2.199001
5 0.000000 0.000000 108.000000 0.825914 -22.718261 106.698895
6 333.987030 0.000000 108.000000 334.812644 -22.678118 106.252688
7 0.000000 333.987030 108.000000 0.785168 311.268461 106.247010
8 333.987030 333.987030 108.000000 334.771898 311.308604 105.800804

(All distances are in millimeters.)
----------------------------------------------------------------------
