----------------------------------------------------------------------
Transformation Parameters

Patient number: 007
From: ct
To: mr_PD_rectified

Point      x          y          z        new_x       new_y       new_z

1 0.000000 0.000000 0.000000 -3.750368 -22.793423 -6.374763
2 333.987030 0.000000 0.000000 330.236571 -22.919489 -6.162682
3 0.000000 333.987030 0.000000 -3.624455 311.193497 -6.134961
4 333.987030 333.987030 0.000000 330.362484 311.067431 -5.922879
5 0.000000 0.000000 108.000000 -3.818978 -22.870941 101.625187
6 333.987030 0.000000 108.000000 330.167961 -22.997007 101.837269
7 0.000000 333.987030 108.000000 -3.693065 311.115979 101.864990
8 333.987030 333.987030 108.000000 330.293874 310.989913 102.077071

(All distances are in millimeters.)
----------------------------------------------------------------------
