----------------------------------------------------------------------
Transformation Parameters

Patient number: 003
From: ct
To: mr_PD_rectified

Point      x          y          z        new_x       new_y       new_z

1 0.000000 0.000000 0.000000 -0.103754 -38.457809 -51.840695
2 333.987030 0.000000 0.000000 333.882885 -38.743815 -52.264524
3 0.000000 333.987030 0.000000 0.182807 295.528813 -51.404174
4 333.987030 333.987030 0.000000 334.169446 295.242806 -51.828004
5 0.000000 0.000000 132.000000 0.063606 -38.630476 80.159086
6 333.987030 0.000000 132.000000 334.050245 -38.916483 79.735256
7 0.000000 333.987030 132.000000 0.350167 295.356146 80.595606
8 333.987030 333.987030 132.000000 334.336806 295.070139 80.171777

(All distances are in millimeters.)
----------------------------------------------------------------------
