----------------------------------------------------------------------
Transformation Parameters

Patient number: 005
From: pet
To: mr_PD

Point      x          y          z        new_x       new_y       new_z

1 0.000000 0.000000 0.000000 51.831130 25.282446 14.762196
2 246.766339 0.000000 0.000000 298.597352 25.522326 14.740480
3 0.000000 246.766339 0.000000 51.591273 272.048528 15.025742
4 246.766339 246.766339 0.000000 298.357495 272.288408 15.004027
5 0.000000 0.000000 112.000000 51.841102 25.162839 126.762131
6 246.766339 0.000000 112.000000 298.607324 25.402719 126.740416
7 0.000000 246.766339 112.000000 51.601246 271.928921 127.025678
8 246.766339 246.766339 112.000000 298.367467 272.168801 127.003962

(All distances are in millimeters.)
----------------------------------------------------------------------
