----------------------------------------------------------------------
Transformation Parameters

Patient number: 006
From: pet
To: mr_T2

Point      x          y          z        new_x       new_y       new_z

1 0.000000 0.000000 0.000000 11.683738 11.074498 -44.239351
2 329.021826 0.000000 0.000000 340.705231 11.482633 -44.011011
3 0.000000 329.021826 0.000000 11.276081 340.095354 -44.926348
4 329.021826 329.021826 0.000000 340.297574 340.503489 -44.698008
5 0.000000 0.000000 112.000000 11.605720 11.308257 67.760378
6 329.021826 0.000000 112.000000 340.627213 11.716392 67.988718
7 0.000000 329.021826 112.000000 11.198063 340.329113 67.073381
8 329.021826 329.021826 112.000000 340.219556 340.737248 67.301721

(All distances are in millimeters.)
----------------------------------------------------------------------
