----------------------------------------------------------------------
Transformation Parameters

Patient number: 005
From: ct
To: mr_T2

Point      x          y          z        new_x       new_y       new_z

1 0.000000 0.000000 0.000000 -6.339726 -31.178704 -18.055413
2 333.987030 0.000000 0.000000 327.646992 -31.456714 -17.693371
3 0.000000 333.987030 0.000000 -6.061849 302.808188 -17.932839
4 333.987030 333.987030 0.000000 327.924869 302.530178 -17.570798
5 0.000000 0.000000 128.000000 -6.478517 -31.225564 109.944504
6 333.987030 0.000000 128.000000 327.508201 -31.503574 110.306545
7 0.000000 333.987030 128.000000 -6.200640 302.761328 110.067077
8 333.987030 333.987030 128.000000 327.786078 302.483318 110.429119

(All distances are in millimeters.)
----------------------------------------------------------------------
