----------------------------------------------------------------------
Transformation Parameters

Patient number: 001
From: ct
To: mr_T2_rectified

Point      x          y          z        new_x       new_y       new_z

1 0.000000 0.000000 0.000000 2.819787 -22.680638 -1.495884
2 333.987030 0.000000 0.000000 336.806814 -22.689911 -1.545314
3 0.000000 333.987030 0.000000 2.829139 311.305967 -0.963175
4 333.987030 333.987030 0.000000 336.816165 311.296694 -1.012605
5 0.000000 0.000000 108.000000 2.835767 -22.852898 106.503977
6 333.987030 0.000000 108.000000 336.822793 -22.862171 106.454547
7 0.000000 333.987030 108.000000 2.845118 311.133707 107.036686
8 333.987030 333.987030 108.000000 336.832145 311.124434 106.987256

(All distances are in millimeters.)
----------------------------------------------------------------------
