----------------------------------------------------------------------
Transformation Parameters

Patient number: 003
From: ct
To: mr_T2_rectified

Point      x          y          z        new_x       new_y       new_z

1 0.000000 0.000000 0.000000 1.054537 -31.548714 -36.388962
2 333.987030 0.000000 0.000000 335.041534 -31.591982 -36.530572
3 0.000000 333.987030 0.000000 1.097622 302.438032 -36.822477
4 333.987030 333.987030 0.000000 335.084619 302.394764 -36.964087
5 0.000000 0.000000 132.000000 1.110527 -31.377386 95.610915
6 333.987030 0.000000 132.000000 335.097525 -31.420654 95.469305
7 0.000000 333.987030 132.000000 1.153612 302.609360 95.177400
8 333.987030 333.987030 132.000000 335.140609 302.566092 95.035790

(All distances are in millimeters.)
----------------------------------------------------------------------
