----------------------------------------------------------------------
Transformation Parameters

Patient number: 001
From: pet
To: mr_PD

Point      x          y          z        new_x       new_y       new_z

1 0.000000 0.000000 0.000000 6.420466 -14.864720 0.621170
2 329.021826 0.000000 0.000000 335.441443 -15.505845 0.236874
3 0.000000 329.021826 0.000000 7.062713 314.155071 1.583886
4 329.021826 329.021826 0.000000 336.083690 313.513946 1.199590
5 0.000000 0.000000 112.000000 6.550642 -15.192686 112.620614
6 329.021826 0.000000 112.000000 335.571619 -15.833811 112.236318
7 0.000000 329.021826 112.000000 7.192889 313.827105 113.583330
8 329.021826 329.021826 112.000000 336.213866 313.185979 113.199034

(All distances are in millimeters.)
----------------------------------------------------------------------
