----------------------------------------------------------------------
Transformation Parameters

Patient number: 005
From: pet
To: mr_PD_rectified

Point      x          y          z        new_x       new_y       new_z

1 0.000000 0.000000 0.000000 50.383495 25.855906 1.911355
2 246.766339 0.000000 0.000000 297.149461 26.272442 2.015737
3 0.000000 246.766339 0.000000 49.966708 272.621171 2.508529
4 246.766339 246.766339 0.000000 296.732674 273.037706 2.612911
5 0.000000 0.000000 112.000000 50.336577 25.584787 113.911017
6 246.766339 0.000000 112.000000 297.102543 26.001322 114.015399
7 0.000000 246.766339 112.000000 49.919790 272.350051 114.508191
8 246.766339 246.766339 112.000000 296.685756 272.766587 114.612573

(All distances are in millimeters.)
----------------------------------------------------------------------
