----------------------------------------------------------------------
Transformation Parameters

Patient number: 005
From: ct
To: mr_PD_rectified

Point      x          y          z        new_x       new_y       new_z

1 0.000000 0.000000 0.000000 -6.258544 -33.185200 -17.308307
2 333.987030 0.000000 0.000000 327.728364 -33.351292 -17.540428
3 0.000000 333.987030 0.000000 -6.092218 300.801620 -16.972650
4 333.987030 333.987030 0.000000 327.894690 300.635528 -17.204771
5 0.000000 0.000000 128.000000 -6.169648 -33.313884 110.691597
6 333.987030 0.000000 128.000000 327.817260 -33.479976 110.459476
7 0.000000 333.987030 128.000000 -6.003322 300.672936 111.027254
8 333.987030 333.987030 128.000000 327.983586 300.506844 110.795133

(All distances are in millimeters.)
----------------------------------------------------------------------
