----------------------------------------------------------------------
Transformation Parameters

Patient number: 006
From: ct
To: mr_T2

Point      x          y          z        new_x       new_y       new_z

1 0.000000 0.000000 0.000000 -7.934884 -31.379184 -25.863439
2 333.987030 0.000000 0.000000 326.052117 -31.311148 -25.741534
3 0.000000 333.987030 0.000000 -8.003018 302.607733 -25.596249
4 333.987030 333.987030 0.000000 325.983983 302.675768 -25.474344
5 0.000000 0.000000 116.000000 -7.977205 -31.471992 90.136516
6 333.987030 0.000000 116.000000 326.009796 -31.403956 90.258421
7 0.000000 333.987030 116.000000 -8.045339 302.514924 90.403706
8 333.987030 333.987030 116.000000 325.941662 302.582960 90.525611

(All distances are in millimeters.)
----------------------------------------------------------------------
