----------------------------------------------------------------------
Transformation Parameters

Patient number: 007
From: pet
To: mr_PD_rectified

Point      x          y          z        new_x       new_y       new_z

1 0.000000 0.000000 0.000000 8.571678 -2.026790 2.943962
2 329.021826 0.000000 0.000000 337.593487 -1.951784 3.017005
3 0.000000 329.021826 0.000000 8.496661 326.995023 2.993645
4 329.021826 329.021826 0.000000 337.518470 327.070029 3.066688
5 0.000000 0.000000 112.000000 8.546818 -2.043708 114.943958
6 329.021826 0.000000 112.000000 337.568627 -1.968702 115.017001
7 0.000000 329.021826 112.000000 8.471801 326.978106 114.993641
8 329.021826 329.021826 112.000000 337.493610 327.053112 115.066684

(All distances are in millimeters.)
----------------------------------------------------------------------
