----------------------------------------------------------------------
Transformation Parameters

Patient number: 002
From: pet
To: mr_T2

Point      x          y          z        new_x       new_y       new_z

1 0.000000 0.000000 0.000000 4.372860 3.703084 -17.406812
2 329.021826 0.000000 0.000000 333.394490 3.870257 -17.088319
3 0.000000 329.021826 0.000000 4.205717 332.724866 -17.437082
4 329.021826 329.021826 0.000000 333.227347 332.892039 -17.118589
5 0.000000 0.000000 112.000000 4.264439 3.713333 94.593135
6 329.021826 0.000000 112.000000 333.286068 3.880506 94.911628
7 0.000000 329.021826 112.000000 4.097296 332.735115 94.562865
8 329.021826 329.021826 112.000000 333.118925 332.902287 94.881358

(All distances are in millimeters.)
----------------------------------------------------------------------
