----------------------------------------------------------------------
Transformation Parameters

Patient number: 002
From: ct
To: mr_PD_rectified

Point      x          y          z        new_x       new_y       new_z

1 0.000000 0.000000 0.000000 2.221357 -31.323418 -16.481776
2 333.987030 0.000000 0.000000 336.208172 -31.231913 -16.849830
3 0.000000 333.987030 0.000000 2.129845 302.663599 -16.488456
4 333.987030 333.987030 0.000000 336.116659 302.755104 -16.856510
5 0.000000 0.000000 112.000000 2.344781 -31.321144 95.518156
6 333.987030 0.000000 112.000000 336.331595 -31.229639 95.150102
7 0.000000 333.987030 112.000000 2.253268 302.665873 95.511476
8 333.987030 333.987030 112.000000 336.240083 302.757378 95.143422

(All distances are in millimeters.)
----------------------------------------------------------------------
