----------------------------------------------------------------------
Transformation Parameters

Patient number: 005
From: pet
To: mr_T2_rectified

Point      x          y          z        new_x       new_y       new_z

1 0.000000 0.000000 0.000000 50.228147 24.418068 -2.823001
2 246.766339 0.000000 0.000000 296.993792 24.244133 -2.264323
3 0.000000 246.766339 0.000000 50.401623 271.184263 -2.620406
4 246.766339 246.766339 0.000000 297.167269 271.010328 -2.061728
5 0.000000 0.000000 112.000000 49.974514 24.326295 109.176674
6 246.766339 0.000000 112.000000 296.740160 24.152360 109.735352
7 0.000000 246.766339 112.000000 50.147991 271.092490 109.379269
8 246.766339 246.766339 112.000000 296.913636 270.918555 109.937947

(All distances are in millimeters.)
----------------------------------------------------------------------
