----------------------------------------------------------------------
Transformation Parameters

Patient number: 007
From: pet
To: mr_T2_rectified

Point      x          y          z        new_x       new_y       new_z

1 0.000000 0.000000 0.000000 8.335805 -2.535345 5.214457
2 329.021826 0.000000 0.000000 337.357605 -2.465222 5.325008
3 0.000000 329.021826 0.000000 8.265724 326.486450 5.090086
4 329.021826 329.021826 0.000000 337.287523 326.556573 5.200638
5 0.000000 0.000000 112.000000 8.298164 -2.493017 117.214442
6 329.021826 0.000000 112.000000 337.319964 -2.422894 117.324994
7 0.000000 329.021826 112.000000 8.228083 326.528778 117.090072
8 329.021826 329.021826 112.000000 337.249882 326.598901 117.200623

(All distances are in millimeters.)
----------------------------------------------------------------------
