----------------------------------------------------------------------
Transformation Parameters

Patient number: 001
From: ct
To: mr_T2

Point      x          y          z        new_x       new_y       new_z

1 0.000000 0.000000 0.000000 0.581256 -24.013525 -2.626241
2 333.987030 0.000000 0.000000 334.568192 -24.181822 -2.811938
3 0.000000 333.987030 0.000000 0.749585 309.973458 -2.568128
4 333.987030 333.987030 0.000000 334.736521 309.805161 -2.753824
5 0.000000 0.000000 108.000000 0.641295 -24.032347 105.373740
6 333.987030 0.000000 108.000000 334.628231 -24.200644 105.188044
7 0.000000 333.987030 108.000000 0.809624 309.954636 105.431854
8 333.987030 333.987030 108.000000 334.796560 309.786339 105.246157

(All distances are in millimeters.)
----------------------------------------------------------------------
