----------------------------------------------------------------------
Transformation Parameters

Patient number: 008
From: pet
To: mr_PD

Point      x          y          z        new_x       new_y       new_z

1 0.000000 0.000000 0.000000 1.533576 14.072252 -21.608954
2 329.021826 0.000000 0.000000 330.555284 14.240656 -21.387193
3 0.000000 329.021826 0.000000 1.365117 343.094025 -21.526040
4 329.021826 329.021826 0.000000 330.386825 343.262428 -21.304279
5 0.000000 0.000000 112.000000 1.458103 14.043990 90.391017
6 329.021826 0.000000 112.000000 330.479811 14.212393 90.612778
7 0.000000 329.021826 112.000000 1.289644 343.065762 90.473931
8 329.021826 329.021826 112.000000 330.311352 343.234165 90.695692

(All distances are in millimeters.)
----------------------------------------------------------------------
