----------------------------------------------------------------------
Transformation Parameters

Patient number: 003
From: ct
To: mr_T2

Point      x          y          z        new_x       new_y       new_z

1 0.000000 0.000000 0.000000 -0.512340 -31.576205 -34.463261
2 333.987030 0.000000 0.000000 333.474635 -31.768915 -34.459587
3 0.000000 333.987030 0.000000 -0.319629 302.410762 -34.534400
4 333.987030 333.987030 0.000000 333.667345 302.218052 -34.530726
5 0.000000 0.000000 132.000000 -0.513775 -31.548088 97.536736
6 333.987030 0.000000 132.000000 333.473199 -31.740798 97.540410
7 0.000000 333.987030 132.000000 -0.321065 302.438879 97.465597
8 333.987030 333.987030 132.000000 333.665910 302.246169 97.469271

(All distances are in millimeters.)
----------------------------------------------------------------------
