----------------------------------------------------------------------
Transformation Parameters

Patient number: 009
From: pet
To: mr_T1

Point      x          y          z        new_x       new_y       new_z

1 0.000000 0.000000 0.000000 6.446057 -3.823390 -29.798329
2 329.021826 0.000000 0.000000 335.467717 -3.863998 -29.470294
3 0.000000 329.021826 0.000000 6.486198 325.198100 -29.330131
4 329.021826 329.021826 0.000000 335.507858 325.157492 -29.002096
5 0.000000 0.000000 112.000000 6.334374 -3.982753 82.201502
6 329.021826 0.000000 112.000000 335.356034 -4.023360 82.529537
7 0.000000 329.021826 112.000000 6.374515 325.038738 82.669700
8 329.021826 329.021826 112.000000 335.396174 324.998130 82.997735

(All distances are in millimeters.)
----------------------------------------------------------------------
