----------------------------------------------------------------------
Transformation Parameters

Patient number: 002
From: ct
To: mr_T1_rectified

Point      x          y          z        new_x       new_y       new_z

1 0.000000 0.000000 0.000000 2.664597 -27.344827 -16.802297
2 333.987030 0.000000 0.000000 336.651571 -27.269355 -16.980646
3 0.000000 333.987030 0.000000 2.589116 306.642194 -16.819330
4 333.987030 333.987030 0.000000 336.576090 306.717666 -16.997679
5 0.000000 0.000000 112.000000 2.724404 -27.339102 95.197687
6 333.987030 0.000000 112.000000 336.711378 -27.263630 95.019338
7 0.000000 333.987030 112.000000 2.648923 306.647919 95.180654
8 333.987030 333.987030 112.000000 336.635897 306.723391 95.002305

(All distances are in millimeters.)
----------------------------------------------------------------------
