----------------------------------------------------------------------
Transformation Parameters

Patient number: 001
From: ct
To: mr_PD

Point      x          y          z        new_x       new_y       new_z

1 0.000000 0.000000 0.000000 0.289882 -23.623946 -5.204446
2 333.987030 0.000000 0.000000 334.276714 -23.704934 -5.559474
3 0.000000 333.987030 0.000000 0.371041 310.363036 -5.044466
4 333.987030 333.987030 0.000000 334.357872 310.282048 -5.399494
5 0.000000 0.000000 108.000000 0.404674 -23.675705 102.795480
6 333.987030 0.000000 108.000000 334.391505 -23.756694 102.440452
7 0.000000 333.987030 108.000000 0.485832 310.311276 102.955460
8 333.987030 333.987030 108.000000 334.472664 310.230288 102.600432

(All distances are in millimeters.)
----------------------------------------------------------------------
