----------------------------------------------------------------------
Transformation Parameters

Patient number: 001
From: pet
To: mr_PD

Point      x          y          z        new_x       new_y       new_z

1 0.000000 0.000000 0.000000 5.724452 -14.111599 2.260075
2 329.021826 0.000000 0.000000 334.746239 -14.061340 2.412412
3 0.000000 329.021826 0.000000 5.674112 314.910176 2.436760
4 329.021826 329.021826 0.000000 334.695898 314.960434 2.589097
5 0.000000 0.000000 112.000000 5.672605 -14.171751 114.260047
6 329.021826 0.000000 112.000000 334.694392 -14.121492 114.412384
7 0.000000 329.021826 112.000000 5.622265 314.850024 114.436732
8 329.021826 329.021826 112.000000 334.644052 314.900282 114.589069

(All distances are in millimeters.)
----------------------------------------------------------------------
