----------------------------------------------------------------------
Transformation Parameters

Patient number: 006
From: ct
To: mr_T1

Point      x          y          z        new_x       new_y       new_z

1 0.000000 0.000000 0.000000 -8.355646 -30.382247 -24.570703
2 333.987030 0.000000 0.000000 325.631336 -30.488154 -24.426420
3 0.000000 333.987030 0.000000 -8.249772 303.604758 -24.495222
4 333.987030 333.987030 0.000000 325.737210 303.498851 -24.350939
5 0.000000 0.000000 116.000000 -8.405766 -30.408447 91.429283
6 333.987030 0.000000 116.000000 325.581216 -30.514354 91.573566
7 0.000000 333.987030 116.000000 -8.299892 303.578558 91.504764
8 333.987030 333.987030 116.000000 325.687090 303.472651 91.649047

(All distances are in millimeters.)
----------------------------------------------------------------------
