----------------------------------------------------------------------
Transformation Parameters

Patient number: 006
From: pet
To: mr_T1

Point      x          y          z        new_x       new_y       new_z

1 0.000000 0.000000 0.000000 5.850093 4.006140 -11.915415
2 329.021826 0.000000 0.000000 334.871904 3.914351 -11.944040
3 0.000000 329.021826 0.000000 5.941890 333.027942 -11.829212
4 329.021826 329.021826 0.000000 334.963701 332.936152 -11.857836
5 0.000000 0.000000 112.000000 5.859828 3.976793 100.084580
6 329.021826 0.000000 112.000000 334.881640 3.885004 100.055956
7 0.000000 329.021826 112.000000 5.951625 332.998595 100.170784
8 329.021826 329.021826 112.000000 334.973437 332.906806 100.142159

(All distances are in millimeters.)
----------------------------------------------------------------------
