----------------------------------------------------------------------
Transformation Parameters

Patient number: 002
From: ct
To: mr_PD

Point      x          y          z        new_x       new_y       new_z

1 0.000000 0.000000 0.000000 0.786782 -33.153729 -17.829759
2 333.987030 0.000000 0.000000 334.773736 -32.973459 -17.965691
3 0.000000 333.987030 0.000000 0.606429 300.833190 -18.034159
4 333.987030 333.987030 0.000000 334.593383 301.013460 -18.170091
5 0.000000 0.000000 112.000000 0.832329 -33.085160 94.170211
6 333.987030 0.000000 112.000000 334.819283 -32.904890 94.034279
7 0.000000 333.987030 112.000000 0.651976 300.901759 93.965811
8 333.987030 333.987030 112.000000 334.638930 301.082029 93.829879

(All distances are in millimeters.)
----------------------------------------------------------------------
