----------------------------------------------------------------------
Transformation Parameters

Patient number: 005
From: ct
To: mr_T1_rectified

Point      x          y          z        new_x       new_y       new_z

1 0.000000 0.000000 0.000000 -5.726711 -32.944381 -17.376743
2 333.987030 0.000000 0.000000 328.260271 -33.097819 -17.282893
3 0.000000 333.987030 0.000000 -5.573411 301.042253 -16.885782
4 333.987030 333.987030 0.000000 328.413571 300.888815 -16.791932
5 0.000000 0.000000 128.000000 -5.762765 -33.132525 110.623114
6 333.987030 0.000000 128.000000 328.224217 -33.285963 110.716964
7 0.000000 333.987030 128.000000 -5.609465 300.854109 111.114075
8 333.987030 333.987030 128.000000 328.377517 300.700671 111.207925

(All distances are in millimeters.)
----------------------------------------------------------------------
