----------------------------------------------------------------------
Transformation Parameters

Patient number: 003
From: ct
To: mr_PD_rectified

Point      x          y          z        new_x       new_y       new_z

1 0.000000 0.000000 0.000000 1.170902 -40.384532 -36.564398
2 333.987030 0.000000 0.000000 335.157919 -40.475387 -36.552041
3 0.000000 333.987030 0.000000 1.261746 293.602360 -36.274497
4 333.987030 333.987030 0.000000 335.248764 293.511505 -36.262140
5 0.000000 0.000000 132.000000 1.165986 -40.499107 95.435552
6 333.987030 0.000000 132.000000 335.153004 -40.589962 95.447909
7 0.000000 333.987030 132.000000 1.256831 293.487785 95.725453
8 333.987030 333.987030 132.000000 335.243848 293.396930 95.737810

(All distances are in millimeters.)
----------------------------------------------------------------------
