----------------------------------------------------------------------
Transformation Parameters

Patient number: 007
From: ct
To: mr_T2

Point      x          y          z        new_x       new_y       new_z

1 0.000000 0.000000 0.000000 -6.082840 -21.983977 -9.697908
2 333.987030 0.000000 0.000000 327.904190 -21.983645 -9.709931
3 0.000000 333.987030 0.000000 -6.083174 312.003049 -9.752681
4 333.987030 333.987030 0.000000 327.903856 312.003381 -9.764705
5 0.000000 0.000000 108.000000 -6.078952 -21.966265 98.302091
6 333.987030 0.000000 108.000000 327.908078 -21.965933 98.290067
7 0.000000 333.987030 108.000000 -6.079286 312.020761 98.247317
8 333.987030 333.987030 108.000000 327.907744 312.021093 98.235294

(All distances are in millimeters.)
----------------------------------------------------------------------
