----------------------------------------------------------------------
Transformation Parameters

Patient number: 002
From: pet
To: mr_T1

Point      x          y          z        new_x       new_y       new_z

1 0.000000 0.000000 0.000000 4.357062 11.414054 -11.679780
2 329.021826 0.000000 0.000000 333.378838 11.586229 -11.619569
3 0.000000 329.021826 0.000000 4.184984 340.435412 -12.207531
4 329.021826 329.021826 0.000000 333.206759 340.607587 -12.147320
5 0.000000 0.000000 112.000000 4.336472 11.593691 100.320074
6 329.021826 0.000000 112.000000 333.358248 11.765866 100.380285
7 0.000000 329.021826 112.000000 4.164394 340.615049 99.792323
8 329.021826 329.021826 112.000000 333.186169 340.787224 99.852534

(All distances are in millimeters.)
----------------------------------------------------------------------
