----------------------------------------------------------------------
Transformation Parameters

Patient number: 001
From: pet
To: mr_T2

Point      x          y          z        new_x       new_y       new_z

1 0.000000 0.000000 0.000000 5.999763 -14.424930 2.224515
2 329.021826 0.000000 0.000000 335.021498 -14.550361 2.435089
3 0.000000 329.021826 0.000000 6.125121 314.596852 2.340001
4 329.021826 329.021826 0.000000 335.146855 314.471420 2.550575
5 0.000000 0.000000 112.000000 5.928069 -14.464215 114.224485
6 329.021826 0.000000 112.000000 334.949803 -14.589646 114.435059
7 0.000000 329.021826 112.000000 6.053426 314.557567 114.339971
8 329.021826 329.021826 112.000000 335.075160 314.432136 114.550545

(All distances are in millimeters.)
----------------------------------------------------------------------
