----------------------------------------------------------------------
Transformation Parameters

Patient number: 008
From: pet
To: mr_T1

Point      x          y          z        new_x       new_y       new_z

1 0.000000 0.000000 0.000000 4.068641 5.859191 -20.730926
2 329.021826 0.000000 0.000000 333.090382 6.055157 -20.598330
3 0.000000 329.021826 0.000000 3.872873 334.880594 -21.221168
4 329.021826 329.021826 0.000000 332.894614 335.076559 -21.088573
5 0.000000 0.000000 112.000000 4.023406 6.026044 91.268941
6 329.021826 0.000000 112.000000 333.045146 6.222010 91.401536
7 0.000000 329.021826 112.000000 3.827638 335.047447 90.778698
8 329.021826 329.021826 112.000000 332.849379 335.243412 90.911294

(All distances are in millimeters.)
----------------------------------------------------------------------
