----------------------------------------------------------------------
Transformation Parameters

Patient number: 002
From: ct
To: mr_T1

Point      x          y          z        new_x       new_y       new_z

1 0.000000 0.000000 0.000000 0.994322 -26.018633 -19.236692
2 333.987030 0.000000 0.000000 334.981297 -26.055331 -19.047656
3 0.000000 333.987030 0.000000 1.031061 307.968388 -19.308166
4 333.987030 333.987030 0.000000 335.018035 307.931690 -19.119129
5 0.000000 0.000000 112.000000 0.930933 -25.994658 92.763287
6 333.987030 0.000000 112.000000 334.917907 -26.031356 92.952324
7 0.000000 333.987030 112.000000 0.967671 307.992363 92.691814
8 333.987030 333.987030 112.000000 334.954646 307.955665 92.880850

(All distances are in millimeters.)
----------------------------------------------------------------------
