----------------------------------------------------------------------
Transformation Parameters

Patient number: 007
From: ct
To: mr_PD

Point      x          y          z        new_x       new_y       new_z

1 0.000000 0.000000 0.000000 -6.053008 -21.550010 -6.999229
2 333.987030 0.000000 0.000000 327.933977 -21.676102 -7.116124
3 0.000000 333.987030 0.000000 -5.926761 312.436702 -6.556362
4 333.987030 333.987030 0.000000 328.060224 312.310610 -6.673258
5 0.000000 0.000000 108.000000 -6.015262 -21.693232 101.000670
6 333.987030 0.000000 108.000000 327.971723 -21.819324 100.883774
7 0.000000 333.987030 108.000000 -5.889015 312.293480 101.443536
8 333.987030 333.987030 108.000000 328.097970 312.167388 101.326641

(All distances are in millimeters.)
----------------------------------------------------------------------
