----------------------------------------------------------------------
Transformation Parameters

Patient number: 002
From: ct
To: mr_T2

Point      x          y          z        new_x       new_y       new_z

1 0.000000 0.000000 0.000000 0.704719 -32.923322 -21.570179
2 333.987030 0.000000 0.000000 334.691566 -32.869984 -21.224168
3 0.000000 333.987030 0.000000 0.651281 301.063690 -21.473657
4 333.987030 333.987030 0.000000 334.638128 301.117028 -21.127646
5 0.000000 0.000000 112.000000 0.588692 -32.955708 90.429756
6 333.987030 0.000000 112.000000 334.575539 -32.902370 90.775767
7 0.000000 333.987030 112.000000 0.535254 301.031304 90.526278
8 333.987030 333.987030 112.000000 334.522101 301.084642 90.872289

(All distances are in millimeters.)
----------------------------------------------------------------------
