----------------------------------------------------------------------
Transformation Parameters

Patient number: 006
From: pet
To: mr_T2_rectified

Point      x          y          z        new_x       new_y       new_z

1 0.000000 0.000000 0.000000 7.532960 4.745084 -4.263497
2 329.021826 0.000000 0.000000 336.554723 4.797199 -4.460252
3 0.000000 329.021826 0.000000 7.480975 333.766834 -4.046343
4 329.021826 329.021826 0.000000 336.502738 333.818949 -4.243098
5 0.000000 0.000000 112.000000 7.599948 4.671175 107.736458
6 329.021826 0.000000 112.000000 336.621711 4.723290 107.539703
7 0.000000 329.021826 112.000000 7.547963 333.692925 107.953612
8 329.021826 329.021826 112.000000 336.569725 333.745040 107.756857

(All distances are in millimeters.)
----------------------------------------------------------------------
