----------------------------------------------------------------------
Transformation Parameters

Patient number: 002
From: pet
To: mr_T1_rectified

Point      x          y          z        new_x       new_y       new_z

1 0.000000 0.000000 0.000000 6.132067 10.461464 -11.139252
2 329.021826 0.000000 0.000000 335.153843 10.544314 -10.979676
3 0.000000 329.021826 0.000000 6.049153 339.483253 -11.008630
4 329.021826 329.021826 0.000000 335.070930 339.566104 -10.849054
5 0.000000 0.000000 112.000000 6.077758 10.416986 100.860726
6 329.021826 0.000000 112.000000 335.099535 10.499836 101.020302
7 0.000000 329.021826 112.000000 5.994844 339.438776 100.991348
8 329.021826 329.021826 112.000000 335.016621 339.521626 101.150924

(All distances are in millimeters.)
----------------------------------------------------------------------
