----------------------------------------------------------------------
Transformation Parameters

Patient number: 005
From: ct
To: mr_T2

Point      x          y          z        new_x       new_y       new_z

1 0.000000 0.000000 0.000000 -5.575582 -31.310188 -21.668742
2 333.987030 0.000000 0.000000 328.411342 -31.145100 -21.460334
3 0.000000 333.987030 0.000000 -5.740906 302.676589 -21.292672
4 333.987030 333.987030 0.000000 328.246019 302.841678 -21.084264
5 0.000000 0.000000 128.000000 -5.655383 -31.454356 106.331152
6 333.987030 0.000000 128.000000 328.331542 -31.289267 106.539560
7 0.000000 333.987030 128.000000 -5.820706 302.532422 106.707222
8 333.987030 333.987030 128.000000 328.166218 302.697510 106.915630

(All distances are in millimeters.)
----------------------------------------------------------------------
