----------------------------------------------------------------------
Transformation Parameters

Patient number: 005
From: ct
To: mr_T2_rectified

Point      x          y          z        new_x       new_y       new_z

1 0.000000 0.000000 0.000000 -6.258176 -33.008389 -17.268606
2 333.987030 0.000000 0.000000 327.728581 -33.265642 -16.927606
3 0.000000 333.987030 0.000000 -6.001340 300.978293 -16.860474
4 333.987030 333.987030 0.000000 327.985416 300.721040 -16.519474
5 0.000000 0.000000 128.000000 -6.388984 -33.164704 110.731232
6 333.987030 0.000000 128.000000 327.597772 -33.421957 111.072232
7 0.000000 333.987030 128.000000 -6.132149 300.821978 111.139364
8 333.987030 333.987030 128.000000 327.854608 300.564725 111.480364

(All distances are in millimeters.)
----------------------------------------------------------------------
