----------------------------------------------------------------------
Transformation Parameters

Patient number: 007
From: pet
To: mr_T1_rectified

Point      x          y          z        new_x       new_y       new_z

1 0.000000 0.000000 0.000000 8.665960 -1.737811 -1.739678
2 329.021826 0.000000 0.000000 337.687782 -1.746338 -1.689667
3 0.000000 329.021826 0.000000 8.674514 327.283968 -1.916034
4 329.021826 329.021826 0.000000 337.696336 327.275440 -1.866022
5 0.000000 0.000000 112.000000 8.648937 -1.677778 110.260304
6 329.021826 0.000000 112.000000 337.670759 -1.686306 110.310316
7 0.000000 329.021826 112.000000 8.657492 327.344000 110.083949
8 329.021826 329.021826 112.000000 337.679314 327.335472 110.133960

(All distances are in millimeters.)
----------------------------------------------------------------------
