----------------------------------------------------------------------
Transformation Parameters

Patient number: 005
From: pet
To: mr_T1

Point      x          y          z        new_x       new_y       new_z

1 0.000000 0.000000 0.000000 50.483649 25.406407 -1.250052
2 246.766339 0.000000 0.000000 297.249962 25.505138 -1.303106
3 0.000000 246.766339 0.000000 50.384942 272.172700 -1.136539
4 246.766339 246.766339 0.000000 297.151256 272.271431 -1.189594
5 0.000000 0.000000 112.000000 50.507749 25.354896 110.749934
6 246.766339 0.000000 112.000000 297.274063 25.453627 110.696879
7 0.000000 246.766339 112.000000 50.409043 272.121189 110.863446
8 246.766339 246.766339 112.000000 297.175356 272.219920 110.810392

(All distances are in millimeters.)
----------------------------------------------------------------------
