----------------------------------------------------------------------
Transformation Parameters

Patient number: 009
From: pet
To: mr_PD

Point      x          y          z        new_x       new_y       new_z

1 0.000000 0.000000 0.000000 5.626184 -3.861232 -21.845995
2 329.021826 0.000000 0.000000 334.647716 -3.689200 -22.250363
3 0.000000 329.021826 0.000000 5.454435 325.160468 -21.615351
4 329.021826 329.021826 0.000000 334.475967 325.332500 -22.019719
5 0.000000 0.000000 112.000000 5.763873 -3.939673 90.153893
6 329.021826 0.000000 112.000000 334.785405 -3.767640 89.749525
7 0.000000 329.021826 112.000000 5.592124 325.082028 90.384537
8 329.021826 329.021826 112.000000 334.613656 325.254060 89.980169

(All distances are in millimeters.)
----------------------------------------------------------------------
