----------------------------------------------------------------------
Transformation Parameters

Patient number: 001
From: pet
To: mr_T1

Point      x          y          z        new_x       new_y       new_z

1 0.000000 0.000000 0.000000 5.148183 -13.718127 -1.016793
2 329.021826 0.000000 0.000000 334.169959 -13.665348 -0.843727
3 0.000000 329.021826 0.000000 5.095211 315.303489 -0.648617
4 329.021826 329.021826 0.000000 334.116987 315.356268 -0.475552
5 0.000000 0.000000 112.000000 5.089291 -13.843464 110.983122
6 329.021826 0.000000 112.000000 334.111067 -13.790685 111.156187
7 0.000000 329.021826 112.000000 5.036319 315.178152 111.351297
8 329.021826 329.021826 112.000000 334.058095 315.230930 111.524363

(All distances are in millimeters.)
----------------------------------------------------------------------
