----------------------------------------------------------------------
Transformation Parameters

Patient number: 001
From: ct
To: mr_T1_rectified

Point      x          y          z        new_x       new_y       new_z

1 0.000000 0.000000 0.000000 2.354031 -22.715754 -1.618699
2 333.987030 0.000000 0.000000 336.341020 -22.764023 -1.776007
3 0.000000 333.987030 0.000000 2.402125 311.271066 -1.990092
4 333.987030 333.987030 0.000000 336.389114 311.222797 -2.147400
5 0.000000 0.000000 108.000000 2.404916 -22.595665 106.381222
6 333.987030 0.000000 108.000000 336.391905 -22.643934 106.223914
7 0.000000 333.987030 108.000000 2.453010 311.391155 106.009829
8 333.987030 333.987030 108.000000 336.439999 311.342886 105.852521

(All distances are in millimeters.)
----------------------------------------------------------------------
