----------------------------------------------------------------------
Transformation Parameters

Patient number: 007
From: ct
To: mr_T1

Point      x          y          z        new_x       new_y       new_z

1 0.000000 0.000000 0.000000 -6.191311 -22.009029 -8.030394
2 333.987030 0.000000 0.000000 327.795604 -22.262979 -7.919176
3 0.000000 333.987030 0.000000 -5.937481 311.977711 -7.671358
4 333.987030 333.987030 0.000000 328.049434 311.723762 -7.560140
5 0.000000 0.000000 108.000000 -6.227364 -22.125102 99.969538
6 333.987030 0.000000 108.000000 327.759551 -22.379051 100.080756
7 0.000000 333.987030 108.000000 -5.973534 311.861639 100.328574
8 333.987030 333.987030 108.000000 328.013381 311.607689 100.439792

(All distances are in millimeters.)
----------------------------------------------------------------------
