----------------------------------------------------------------------
Transformation Parameters

Patient number: 005
From: pet
To: mr_PD

Point      x          y          z        new_x       new_y       new_z

1 0.000000 0.000000 0.000000 49.626655 26.057444 -1.269536
2 246.766339 0.000000 0.000000 296.392865 26.120289 -1.514081
3 0.000000 246.766339 0.000000 49.563977 272.823718 -1.101241
4 246.766339 246.766339 0.000000 296.330186 272.886563 -1.345787
5 0.000000 0.000000 112.000000 49.737667 25.981088 110.730383
6 246.766339 0.000000 112.000000 296.503876 26.043933 110.485837
7 0.000000 246.766339 112.000000 49.674988 272.747362 110.898677
8 246.766339 246.766339 112.000000 296.441198 272.810207 110.654132

(All distances are in millimeters.)
----------------------------------------------------------------------
