----------------------------------------------------------------------
Transformation Parameters

Patient number: 001
From: pet
To: mr_T1_rectified

Point      x          y          z        new_x       new_y       new_z

1 0.000000 0.000000 0.000000 7.549927 -14.248936 -2.230974
2 329.021826 0.000000 0.000000 336.571739 -14.336756 -2.193465
3 0.000000 329.021826 0.000000 7.637776 314.772779 -2.486294
4 329.021826 329.021826 0.000000 336.659588 314.684959 -2.448786
5 0.000000 0.000000 112.000000 7.537182 -14.162021 109.768992
6 329.021826 0.000000 112.000000 336.558994 -14.249841 109.806500
7 0.000000 329.021826 112.000000 7.625031 314.859694 109.513671
8 329.021826 329.021826 112.000000 336.646843 314.771874 109.551180

(All distances are in millimeters.)
----------------------------------------------------------------------
