----------------------------------------------------------------------
Transformation Parameters

Patient number: 005
From: pet
To: mr_T1_rectified

Point      x          y          z        new_x       new_y       new_z

1 0.000000 0.000000 0.000000 50.719639 25.002326 1.671362
2 246.766339 0.000000 0.000000 297.485582 25.377179 1.436194
3 0.000000 246.766339 0.000000 50.345048 271.768228 1.945766
4 246.766339 246.766339 0.000000 297.110991 272.143081 1.710598
5 0.000000 0.000000 112.000000 50.826564 24.877944 113.671242
6 246.766339 0.000000 112.000000 297.592507 25.252797 113.436074
7 0.000000 246.766339 112.000000 50.451973 271.643847 113.945646
8 246.766339 246.766339 112.000000 297.217916 272.018699 113.710478

(All distances are in millimeters.)
----------------------------------------------------------------------
