----------------------------------------------------------------------
Transformation Parameters

Patient number: 007
From: ct
To: mr_T1_rectified

Point      x          y          z        new_x       new_y       new_z

1 0.000000 0.000000 0.000000 -3.898871 -21.998817 -5.852423
2 333.987030 0.000000 0.000000 330.088127 -22.125026 -5.778278
3 0.000000 333.987030 0.000000 -3.772624 311.988145 -6.023759
4 333.987030 333.987030 0.000000 330.214374 311.861936 -5.949614
5 0.000000 0.000000 108.000000 -3.922826 -21.943404 102.147560
6 333.987030 0.000000 108.000000 330.064172 -22.069613 102.221705
7 0.000000 333.987030 108.000000 -3.796579 312.043558 101.976224
8 333.987030 333.987030 108.000000 330.190419 311.917349 102.050369

(All distances are in millimeters.)
----------------------------------------------------------------------
