----------------------------------------------------------------------
Transformation Parameters

Patient number: 007
From: pet
To: mr_T2

Point      x          y          z        new_x       new_y       new_z

1 0.000000 0.000000 0.000000 6.871490 -3.516962 -1.274802
2 329.021826 0.000000 0.000000 335.893293 -3.490314 -1.392592
3 0.000000 329.021826 0.000000 6.844839 325.504863 -1.283685
4 329.021826 329.021826 0.000000 335.866642 325.531510 -1.401475
5 0.000000 0.000000 112.000000 6.911585 -3.513935 110.725191
6 329.021826 0.000000 112.000000 335.933389 -3.487287 110.607401
7 0.000000 329.021826 112.000000 6.884935 325.507890 110.716308
8 329.021826 329.021826 112.000000 335.906738 325.534538 110.598518

(All distances are in millimeters.)
----------------------------------------------------------------------
