----------------------------------------------------------------------
Transformation Parameters

Patient number: 001
From: ct
To: mr_T2_rectified

Point      x          y          z        new_x       new_y       new_z

1 0.000000 0.000000 0.000000 2.535011 -22.822858 -0.985142
2 333.987030 0.000000 0.000000 336.521943 -23.045298 -1.112057
3 0.000000 333.987030 0.000000 2.757446 311.164098 -0.998835
4 333.987030 333.987030 0.000000 336.744378 310.941657 -1.125750
5 0.000000 0.000000 108.000000 2.576054 -22.818457 107.014850
6 333.987030 0.000000 108.000000 336.562986 -23.040898 106.887935
7 0.000000 333.987030 108.000000 2.798489 311.168498 107.001157
8 333.987030 333.987030 108.000000 336.785421 310.946058 106.874242

(All distances are in millimeters.)
----------------------------------------------------------------------
