----------------------------------------------------------------------
Transformation Parameters

Patient number: 001
From: pet
To: mr_PD_rectified

Point      x          y          z        new_x       new_y       new_z

1 0.000000 0.000000 0.000000 7.818987 -13.238771 3.186769
2 329.021826 0.000000 0.000000 336.840756 -13.399949 3.294030
3 0.000000 329.021826 0.000000 7.980208 315.782989 3.054831
4 329.021826 329.021826 0.000000 337.001977 315.621811 3.162092
5 0.000000 0.000000 112.000000 7.782497 -13.193841 115.186754
6 329.021826 0.000000 112.000000 336.804266 -13.355019 115.294015
7 0.000000 329.021826 112.000000 7.943718 315.827919 115.054816
8 329.021826 329.021826 112.000000 336.965487 315.666741 115.162077

(All distances are in millimeters.)
----------------------------------------------------------------------
