----------------------------------------------------------------------
Transformation Parameters

Patient number: 001
From: ct
To: mr_PD_rectified

Point      x          y          z        new_x       new_y       new_z

1 0.000000 0.000000 0.000000 2.598142 -22.727696 -1.516740
2 333.987030 0.000000 0.000000 336.585166 -22.780442 -1.550472
3 0.000000 333.987030 0.000000 2.650912 311.259244 -1.276937
4 333.987030 333.987030 0.000000 336.637936 311.206498 -1.310670
5 0.000000 0.000000 108.000000 2.609038 -22.805242 106.483232
6 333.987030 0.000000 108.000000 336.596062 -22.857988 106.449499
7 0.000000 333.987030 108.000000 2.661808 311.181698 106.723034
8 333.987030 333.987030 108.000000 336.648832 311.128952 106.689302

(All distances are in millimeters.)
----------------------------------------------------------------------
