----------------------------------------------------------------------
Transformation Parameters

Patient number: 006
From: pet
To: mr_T2

Point      x          y          z        new_x       new_y       new_z

1 0.000000 0.000000 0.000000 5.073462 3.717666 -9.176272
2 329.021826 0.000000 0.000000 334.095208 3.941401 -9.127906
3 0.000000 329.021826 0.000000 4.849727 332.739416 -9.181537
4 329.021826 329.021826 0.000000 333.871473 332.963151 -9.133170
5 0.000000 0.000000 112.000000 5.056997 3.719447 102.823726
6 329.021826 0.000000 112.000000 334.078743 3.943182 102.872093
7 0.000000 329.021826 112.000000 4.833262 332.741196 102.818462
8 329.021826 329.021826 112.000000 333.855008 332.964932 102.866828

(All distances are in millimeters.)
----------------------------------------------------------------------
