----------------------------------------------------------------------
Transformation Parameters

Patient number: 004
From: ct
To: mr_T1_rectified

Point      x          y          z        new_x       new_y       new_z

1 0.000000 0.000000 0.000000 0.797861 -32.021062 -16.195356
2 333.987030 0.000000 0.000000 334.784842 -32.094967 -16.360680
3 0.000000 333.987030 0.000000 0.871673 301.965906 -16.384059
4 333.987030 333.987030 0.000000 334.858654 301.892002 -16.549382
5 0.000000 0.000000 104.000000 0.849354 -31.962314 87.804614
6 333.987030 0.000000 104.000000 334.836335 -32.036218 87.639291
7 0.000000 333.987030 104.000000 0.923166 302.024655 87.615912
8 333.987030 333.987030 104.000000 334.910147 301.950750 87.450588

(All distances are in millimeters.)
----------------------------------------------------------------------
