----------------------------------------------------------------------
Transformation Parameters

Patient number: 003
From: ct
To: mr_T1

Point      x          y          z        new_x       new_y       new_z

1 0.000000 0.000000 0.000000 -1.098368 -30.142277 -34.604001
2 333.987030 0.000000 0.000000 332.888341 -30.266004 -35.050208
3 0.000000 333.987030 0.000000 -0.974793 303.844711 -34.717557
4 333.987030 333.987030 0.000000 333.011916 303.720984 -35.163763
5 0.000000 0.000000 132.000000 -0.922000 -30.097462 97.395873
6 333.987030 0.000000 132.000000 333.064709 -30.221189 96.949667
7 0.000000 333.987030 132.000000 -0.798425 303.889526 97.282318
8 333.987030 333.987030 132.000000 333.188284 303.765799 96.836111

(All distances are in millimeters.)
----------------------------------------------------------------------
