----------------------------------------------------------------------
Transformation Parameters

Patient number: 006
From: ct
To: mr_PD_rectified

Point      x          y          z        new_x       new_y       new_z

1 0.000000 0.000000 0.000000 -6.334992 -31.060081 -22.797823
2 333.987030 0.000000 0.000000 327.651897 -31.293845 -22.598767
3 0.000000 333.987030 0.000000 -6.101201 302.926865 -22.842243
4 333.987030 333.987030 0.000000 327.885688 302.693100 -22.643187
5 0.000000 0.000000 116.000000 -6.404117 -31.044604 93.202155
6 333.987030 0.000000 116.000000 327.582771 -31.278369 93.401211
7 0.000000 333.987030 116.000000 -6.170327 302.942341 93.157735
8 333.987030 333.987030 116.000000 327.816562 302.708577 93.356791

(All distances are in millimeters.)
----------------------------------------------------------------------
