----------------------------------------------------------------------
Transformation Parameters

Patient number: 007
From: pet
To: mr_T1

Point      x          y          z        new_x       new_y       new_z

1 0.000000 0.000000 0.000000 6.288774 -3.807392 -3.384084
2 329.021826 0.000000 0.000000 335.310247 -4.057463 -3.796019
3 0.000000 329.021826 0.000000 6.538502 325.214225 -3.658488
4 329.021826 329.021826 0.000000 335.559975 324.964154 -4.070423
5 0.000000 0.000000 112.000000 6.429069 -3.714090 108.615789
6 329.021826 0.000000 112.000000 335.450542 -3.964161 108.203854
7 0.000000 329.021826 112.000000 6.678797 325.307526 108.341385
8 329.021826 329.021826 112.000000 335.700269 325.057455 107.929450

(All distances are in millimeters.)
----------------------------------------------------------------------
