----------------------------------------------------------------------
Transformation Parameters

Patient number: 002
From: pet
To: mr_T2_rectified

Point      x          y          z        new_x       new_y       new_z

1 0.000000 0.000000 0.000000 7.030772 6.383344 -11.903316
2 329.021826 0.000000 0.000000 336.052561 6.274819 -11.790461
3 0.000000 329.021826 0.000000 7.139350 335.405116 -12.056640
4 329.021826 329.021826 0.000000 336.161138 335.296591 -11.943785
5 0.000000 0.000000 112.000000 6.992374 6.435548 100.096665
6 329.021826 0.000000 112.000000 336.014162 6.327024 100.209520
7 0.000000 329.021826 112.000000 7.100951 335.457321 99.943341
8 329.021826 329.021826 112.000000 336.122739 335.348796 100.056196

(All distances are in millimeters.)
----------------------------------------------------------------------
