----------------------------------------------------------------------
Transformation Parameters

Patient number: 006
From: ct
To: mr_T2_rectified

Point      x          y          z        new_x       new_y       new_z

1 0.000000 0.000000 0.000000 -6.282154 -31.181165 -22.157086
2 333.987030 0.000000 0.000000 327.704866 -31.134431 -22.087950
3 0.000000 333.987030 0.000000 -6.328912 302.805842 -22.040858
4 333.987030 333.987030 0.000000 327.658108 302.852576 -21.971723
5 0.000000 0.000000 116.000000 -6.306160 -31.221536 93.842905
6 333.987030 0.000000 116.000000 327.680860 -31.174802 93.912040
7 0.000000 333.987030 116.000000 -6.352918 302.765471 93.959132
8 333.987030 333.987030 116.000000 327.634102 302.812205 94.028268

(All distances are in millimeters.)
----------------------------------------------------------------------
