----------------------------------------------------------------------
Transformation Parameters

Patient number: 007
From: ct
To: mr_T2_rectified

Point      x          y          z        new_x       new_y       new_z

1 0.000000 0.000000 0.000000 -3.970756 -22.391048 -5.455487
2 333.987030 0.000000 0.000000 330.016242 -22.521252 -5.521950
3 0.000000 333.987030 0.000000 -3.840502 311.595860 -5.201657
4 333.987030 333.987030 0.000000 330.146496 311.465656 -5.268120
5 0.000000 0.000000 108.000000 -3.949296 -22.473136 102.544480
6 333.987030 0.000000 108.000000 330.037702 -22.603340 102.478017
7 0.000000 333.987030 108.000000 -3.819042 311.513772 102.798310
8 333.987030 333.987030 108.000000 330.167956 311.383568 102.731847

(All distances are in millimeters.)
----------------------------------------------------------------------
