----------------------------------------------------------------------
Transformation Parameters

Patient number: 003
From: ct
To: mr_T1_rectified

Point      x          y          z        new_x       new_y       new_z

1 0.000000 0.000000 0.000000 0.642241 -31.032558 -34.871897
2 333.987030 0.000000 0.000000 334.629201 -30.834858 -34.786730
3 0.000000 333.987030 0.000000 0.444520 302.954404 -34.793410
4 333.987030 333.987030 0.000000 334.431481 303.152104 -34.708243
5 0.000000 0.000000 132.000000 0.608599 -31.063598 97.128095
6 333.987030 0.000000 132.000000 334.595560 -30.865898 97.213262
7 0.000000 333.987030 132.000000 0.410879 302.923364 97.206582
8 333.987030 333.987030 132.000000 334.397839 303.121064 97.291749

(All distances are in millimeters.)
----------------------------------------------------------------------
