----------------------------------------------------------------------
Transformation Parameters

Patient number: 002
From: pet
To: mr_T1_rectified

Point      x          y          z        new_x       new_y       new_z

1 0.000000 0.000000 0.000000 8.739502 7.740662 -16.639139
2 329.021826 0.000000 0.000000 337.740318 11.375260 -17.423076
3 0.000000 329.021826 0.000000 5.119251 336.691622 -10.849312
4 329.021826 329.021826 0.000000 334.120067 340.326220 -11.633249
5 0.000000 0.000000 112.000000 9.028071 5.772850 95.343201
6 329.021826 0.000000 112.000000 338.028887 9.407448 94.559264
7 0.000000 329.021826 112.000000 5.407819 334.723809 101.133028
8 329.021826 329.021826 112.000000 334.408635 338.358407 100.349091

(All distances are in millimeters.)
----------------------------------------------------------------------
