----------------------------------------------------------------------
Transformation Parameters

Patient number: 006
From: pet
To: mr_PD

Point      x          y          z        new_x       new_y       new_z

1 0.000000 0.000000 0.000000 5.989981 4.664717 -22.297725
2 329.021826 0.000000 0.000000 334.200062 0.403347 0.403498
3 0.000000 329.021826 0.000000 9.279073 333.365713 -8.148558
4 329.021826 329.021826 0.000000 337.489153 329.104343 14.552665
5 0.000000 0.000000 112.000000 -1.792428 -0.062569 89.331513
6 329.021826 0.000000 112.000000 326.417653 -4.323939 112.032736
7 0.000000 329.021826 112.000000 1.496664 328.638427 103.480680
8 329.021826 329.021826 112.000000 329.706745 324.377057 126.181903

(All distances are in millimeters.)
----------------------------------------------------------------------
