----------------------------------------------------------------------
Transformation Parameters

Patient number: 003
From: ct
To: mr_T1_rectified

Point      x          y          z        new_x       new_y       new_z

1 0.000000 0.000000 0.000000 -0.243733 -30.359141 -34.658189
2 333.987030 0.000000 0.000000 333.738567 -30.693469 -36.403920
3 0.000000 333.987030 0.000000 0.096931 303.625517 -33.446487
4 333.987030 333.987030 0.000000 334.079231 303.291189 -35.192217
5 0.000000 0.000000 132.000000 0.445739 -30.838733 97.339139
6 333.987030 0.000000 132.000000 334.428039 -31.173061 95.593409
7 0.000000 333.987030 132.000000 0.786403 303.145925 98.550842
8 333.987030 333.987030 132.000000 334.768703 302.811597 96.805111

(All distances are in millimeters.)
----------------------------------------------------------------------
