----------------------------------------------------------------------
Transformation Parameters

Patient number: 001
From: ct
To: mr_T2

Point      x          y          z        new_x       new_y       new_z

1 0.000000 0.000000 0.000000 -1.077598 -21.273108 -5.792848
2 333.987030 0.000000 0.000000 332.894028 -24.467501 -6.084753
3 0.000000 333.987030 0.000000 2.116939 312.698604 -5.629529
4 333.987030 333.987030 0.000000 336.088565 309.504211 -5.921433
5 0.000000 0.000000 108.000000 -0.983715 -21.326821 102.207097
6 333.987030 0.000000 108.000000 332.987911 -24.521214 101.915193
7 0.000000 333.987030 108.000000 2.210822 312.644892 102.370417
8 333.987030 333.987030 108.000000 336.182448 309.450498 102.078512

(All distances are in millimeters.)
----------------------------------------------------------------------
