----------------------------------------------------------------------
Transformation Parameters

Patient number: 008
From: pet
To: mr_T1

Point      x          y          z        new_x       new_y       new_z

1 0.000000 0.000000 0.000000 1.798185 6.439241 -21.176850
2 329.021826 0.000000 0.000000 330.693914 7.278662 -30.246400
3 0.000000 329.021826 0.000000 1.229890 335.313699 -11.346812
4 329.021826 329.021826 0.000000 330.125619 336.153120 -20.416362
5 0.000000 0.000000 112.000000 4.892641 3.099682 90.730574
6 329.021826 0.000000 112.000000 333.788370 3.939103 81.661024
7 0.000000 329.021826 112.000000 4.324346 331.974140 100.560612
8 329.021826 329.021826 112.000000 333.220074 332.813561 91.491062

(All distances are in millimeters.)
----------------------------------------------------------------------
