----------------------------------------------------------------------
Transformation Parameters

Patient number: 003
From: ct
To: mr_T2

Point      x          y          z        new_x       new_y       new_z

1 0.000000 0.000000 0.000000 -1.452664 -31.207122 -32.384098
2 333.987030 0.000000 0.000000 332.532321 -32.315113 -32.756077
3 0.000000 333.987030 0.000000 -0.352757 302.703942 -39.421686
4 333.987030 333.987030 0.000000 333.632228 301.595951 -39.793665
5 0.000000 0.000000 132.000000 -1.296454 -28.426193 99.586513
6 333.987030 0.000000 132.000000 332.688531 -29.534184 99.214534
7 0.000000 333.987030 132.000000 -0.196547 305.484871 92.548925
8 333.987030 333.987030 132.000000 333.788438 304.376880 92.176946

(All distances are in millimeters.)
----------------------------------------------------------------------
