----------------------------------------------------------------------
Transformation Parameters

Patient number: 006
From: pet
To: mr_T1

Point      x          y          z        new_x       new_y       new_z

1 0.000000 0.000000 0.000000 2.722924 5.841356 -12.845880
2 329.021826 0.000000 0.000000 331.696408 0.867708 -10.186630
3 0.000000 329.021826 0.000000 7.594145 334.598362 -0.579499
4 329.021826 329.021826 0.000000 336.567628 329.624714 2.079750
5 0.000000 0.000000 112.000000 1.755317 1.679860 99.072598
6 329.021826 0.000000 112.000000 330.728801 -3.293789 101.731847
7 0.000000 329.021826 112.000000 6.626538 330.436866 111.338978
8 329.021826 329.021826 112.000000 335.600022 325.463217 113.998228

(All distances are in millimeters.)
----------------------------------------------------------------------
