----------------------------------------------------------------------
Transformation Parameters

Patient number: 001
From: ct
To: mr_PD_rectified

Point      x          y          z        new_x       new_y       new_z

1 0.000000 0.000000 0.000000 0.684155 -20.784510 1.270923
2 333.987030 0.000000 0.000000 334.648965 -24.185856 -0.538221
3 0.000000 333.987030 0.000000 4.071290 313.175116 -1.342833
4 333.987030 333.987030 0.000000 338.036100 309.773770 -3.151977
5 0.000000 0.000000 108.000000 1.277730 -19.945300 109.266031
6 333.987030 0.000000 108.000000 335.242540 -23.346646 107.456887
7 0.000000 333.987030 108.000000 4.664865 314.014326 106.652275
8 333.987030 333.987030 108.000000 338.629675 310.612980 104.843131

(All distances are in millimeters.)
----------------------------------------------------------------------
