----------------------------------------------------------------------
Transformation Parameters

Patient number: 002
From: ct
To: mr_T2_rectified

Point      x          y          z        new_x       new_y       new_z

1 0.000000 0.000000 0.000000 3.733953 -29.115519 -23.986682
2 333.987030 0.000000 0.000000 337.718850 -28.328006 -23.089548
3 0.000000 333.987030 0.000000 2.913583 304.638953 -11.552213
4 333.987030 333.987030 0.000000 336.898480 305.426465 -10.655079
5 0.000000 0.000000 112.000000 3.443148 -33.286035 87.935265
6 333.987030 0.000000 112.000000 337.428045 -32.498523 88.832399
7 0.000000 333.987030 112.000000 2.622778 300.468436 100.369734
8 333.987030 333.987030 112.000000 336.607675 301.255949 101.266868

(All distances are in millimeters.)
----------------------------------------------------------------------
