----------------------------------------------------------------------
Transformation Parameters

Patient number: 002
From: ct
To: mr_T1

Point      x          y          z        new_x       new_y       new_z

1 0.000000 0.000000 0.000000 0.476893 -25.258407 -17.482172
2 333.987030 0.000000 0.000000 334.463190 -25.779013 -17.014622
3 0.000000 333.987030 0.000000 1.002887 308.705742 -21.356001
4 333.987030 333.987030 0.000000 334.989184 308.185136 -20.888450
5 0.000000 0.000000 112.000000 0.322140 -23.959104 94.510184
6 333.987030 0.000000 112.000000 334.308437 -24.479710 94.977735
7 0.000000 333.987030 112.000000 0.848134 310.005045 90.636356
8 333.987030 333.987030 112.000000 334.834431 309.484439 91.103906

(All distances are in millimeters.)
----------------------------------------------------------------------
