----------------------------------------------------------------------
Transformation Parameters

Patient number: 005
From: pet
To: mr_PD_rectified

Point      x          y          z        new_x       new_y       new_z

1 0.000000 0.000000 0.000000 49.715779 24.192953 4.959591
2 246.766339 0.000000 0.000000 296.461345 22.806739 7.845825
3 0.000000 246.766339 0.000000 51.228686 270.712037 -5.980169
4 246.766339 246.766339 0.000000 297.974252 269.325823 -3.093935
5 0.000000 0.000000 112.000000 48.435007 29.165802 116.841807
6 246.766339 0.000000 112.000000 295.180573 27.779588 119.728041
7 0.000000 246.766339 112.000000 49.947914 275.684887 105.902047
8 246.766339 246.766339 112.000000 296.693480 274.298672 108.788281

(All distances are in millimeters.)
----------------------------------------------------------------------
