----------------------------------------------------------------------
Transformation Parameters

Patient number: 002
From: pet
To: mr_T2_rectified

Point      x          y          z        new_x       new_y       new_z

1 0.000000 0.000000 0.000000 6.740332 10.426339 -26.337558
2 329.021826 0.000000 0.000000 334.724663 3.368707 -1.201321
3 0.000000 329.021826 0.000000 12.984360 339.210242 -15.496935
4 329.021826 329.021826 0.000000 340.968691 332.152610 9.639302
5 0.000000 0.000000 112.000000 -1.889085 6.910176 85.274134
6 329.021826 0.000000 112.000000 326.095246 -0.147456 110.410371
7 0.000000 329.021826 112.000000 4.354943 335.694079 96.114757
8 329.021826 329.021826 112.000000 332.339274 328.636447 121.250994

(All distances are in millimeters.)
----------------------------------------------------------------------
