----------------------------------------------------------------------
Transformation Parameters

Patient number: 001
From: pet
To: mr_T2_rectified

Point      x          y          z        new_x       new_y       new_z

1 0.000000 0.000000 0.000000 8.952536 -12.304883 0.924711
2 329.021826 0.000000 0.000000 337.642426 -12.950960 15.686169
3 0.000000 329.021826 0.000000 9.958058 316.618292 -7.068746
4 329.021826 329.021826 0.000000 338.647948 315.972216 7.692712
5 0.000000 0.000000 112.000000 3.934542 -9.571276 112.778844
6 329.021826 0.000000 112.000000 332.624432 -10.217352 127.540302
7 0.000000 329.021826 112.000000 4.940063 319.351900 104.785387
8 329.021826 329.021826 112.000000 333.629953 318.705823 119.546845

(All distances are in millimeters.)
----------------------------------------------------------------------
