----------------------------------------------------------------------
Transformation Parameters

Patient number: 006
From: pet
To: mr_T2_rectified

Point      x          y          z        new_x       new_y       new_z

1 0.000000 0.000000 0.000000 10.459347 5.090011 -23.521629
2 329.021826 0.000000 0.000000 339.205344 6.959732 -10.182396
3 0.000000 329.021826 0.000000 7.396136 332.766649 6.041855
4 329.021826 329.021826 0.000000 336.142134 334.636370 19.381089
5 0.000000 0.000000 112.000000 5.994384 -5.007324 87.932881
6 329.021826 0.000000 112.000000 334.740382 -3.137603 101.272115
7 0.000000 329.021826 112.000000 2.931174 322.669314 117.496366
8 329.021826 329.021826 112.000000 331.677171 324.539035 130.835599

(All distances are in millimeters.)
----------------------------------------------------------------------
