----------------------------------------------------------------------
Transformation Parameters

Patient number: 002
From: pet
To: mr_T2

Point      x          y          z        new_x       new_y       new_z

1 0.000000 0.000000 0.000000 2.331753 5.815594 -13.193700
2 329.021826 0.000000 0.000000 331.306193 0.246702 -13.602674
3 0.000000 329.021826 0.000000 7.900839 334.790249 -13.040705
4 329.021826 329.021826 0.000000 336.875278 329.221357 -13.449679
5 0.000000 0.000000 112.000000 2.470067 5.761165 98.806201
6 329.021826 0.000000 112.000000 331.444507 0.192273 98.397227
7 0.000000 329.021826 112.000000 8.039153 334.735820 98.959196
8 329.021826 329.021826 112.000000 337.013593 329.166928 98.550222

(All distances are in millimeters.)
----------------------------------------------------------------------
