----------------------------------------------------------------------
Transformation Parameters

Patient number: 005
From: pet
To: mr_T1_rectified

Point      x          y          z        new_x       new_y       new_z

1 0.000000 0.000000 0.000000 54.629856 22.748788 -2.157048
2 246.766339 0.000000 0.000000 301.321514 28.469178 -0.124951
3 0.000000 246.766339 0.000000 48.907859 269.448718 -1.985299
4 246.766339 246.766339 0.000000 295.599517 275.169108 0.046799
5 0.000000 0.000000 112.000000 53.709602 22.649473 109.839127
6 246.766339 0.000000 112.000000 300.401260 28.369863 111.871225
7 0.000000 246.766339 112.000000 47.987605 269.349403 110.010877
8 246.766339 246.766339 112.000000 294.679263 275.069793 112.042974

(All distances are in millimeters.)
----------------------------------------------------------------------
