----------------------------------------------------------------------
Transformation Parameters

Patient number: 001
From: pet
To: mr_T1

Point      x          y          z        new_x       new_y       new_z

1 0.000000 0.000000 0.000000 3.777377 -10.615604 -1.154604
2 329.021826 0.000000 0.000000 332.656797 -11.343729 -10.806488
3 0.000000 329.021826 0.000000 4.810973 318.239858 9.255883
4 329.021826 329.021826 0.000000 333.690393 317.511734 -0.396002
5 0.000000 0.000000 112.000000 7.053403 -14.168152 110.741094
6 329.021826 0.000000 112.000000 335.932823 -14.896277 101.089209
7 0.000000 329.021826 112.000000 8.086999 314.687310 121.151580
8 329.021826 329.021826 112.000000 336.966419 313.959186 111.499696

(All distances are in millimeters.)
----------------------------------------------------------------------
