----------------------------------------------------------------------
Transformation Parameters

Patient number: 005
From: ct
To: mr_PD

Point      x          y          z        new_x       new_y       new_z

1 0.000000 0.000000 0.000000 -5.769084 -32.048021 -20.827839
2 333.987030 0.000000 0.000000 328.217426 -31.470741 -20.946405
3 0.000000 333.987030 0.000000 -6.346213 301.938241 -20.403676
4 333.987030 333.987030 0.000000 327.640297 302.515521 -20.522241
5 0.000000 0.000000 128.000000 -5.723363 -32.210503 107.172049
6 333.987030 0.000000 128.000000 328.263147 -31.633223 107.053484
7 0.000000 333.987030 128.000000 -6.300492 301.775760 107.596213
8 333.987030 333.987030 128.000000 327.686018 302.353039 107.477647

(All distances are in millimeters.)
----------------------------------------------------------------------
