----------------------------------------------------------------------
Transformation Parameters

Patient number: 006
From: pet
To: mr_PD_rectified

Point      x          y          z        new_x       new_y       new_z

1 0.000000 0.000000 0.000000 6.217368 4.368626 -9.300039
2 329.021826 0.000000 0.000000 335.236353 4.082627 -10.637218
3 0.000000 329.021826 0.000000 6.543936 333.237856 0.714168
4 329.021826 329.021826 0.000000 335.562920 332.951858 -0.623011
5 0.000000 0.000000 112.000000 6.669374 0.959338 102.647147
6 329.021826 0.000000 112.000000 335.688358 0.673340 101.309968
7 0.000000 329.021826 112.000000 6.995941 329.828568 112.661354
8 329.021826 329.021826 112.000000 336.014925 329.542570 111.324175

(All distances are in millimeters.)
----------------------------------------------------------------------
