----------------------------------------------------------------------
Transformation Parameters

Patient number: 004
From: ct
To: mr_PD_rectified

Point      x          y          z        new_x       new_y       new_z

1 0.000000 0.000000 0.000000 0.964752 -29.865179 -38.224781
2 333.987030 0.000000 0.000000 334.951248 -29.504081 -37.749017
3 0.000000 333.987030 0.000000 0.591153 304.003962 -29.359469
4 333.987030 333.987030 0.000000 334.577649 304.365060 -28.883705
5 0.000000 0.000000 104.000000 0.819642 -32.625904 65.738469
6 333.987030 0.000000 104.000000 334.806137 -32.264806 66.214233
7 0.000000 333.987030 104.000000 0.446042 301.243237 74.603781
8 333.987030 333.987030 104.000000 334.432538 301.604335 75.079545

(All distances are in millimeters.)
----------------------------------------------------------------------
