----------------------------------------------------------------------
Transformation Parameters

Patient number: 005
From: pet
To: mr_T2_rectified

Point      x          y          z        new_x       new_y       new_z

1 0.000000 0.000000 0.000000 53.540292 22.234479 -0.338871
2 246.766339 0.000000 0.000000 300.243402 27.820292 -0.344300
3 0.000000 246.766339 0.000000 47.954476 268.937449 -0.601677
4 246.766339 246.766339 0.000000 294.657586 274.523263 -0.607106
5 0.000000 0.000000 112.000000 53.540055 22.353784 111.661066
6 246.766339 0.000000 112.000000 300.243166 27.939598 111.655637
7 0.000000 246.766339 112.000000 47.954239 269.056755 111.398260
8 246.766339 246.766339 112.000000 294.657349 274.642568 111.392831

(All distances are in millimeters.)
----------------------------------------------------------------------
