----------------------------------------------------------------------
Transformation Parameters

Patient number: 005
From: ct
To: mr_T2

Point      x          y          z        new_x       new_y       new_z

1 0.000000 0.000000 0.000000 -6.431155 -30.254295 -21.757523
2 333.987030 0.000000 0.000000 327.555623 -30.609639 -21.962257
3 0.000000 333.987030 0.000000 -6.075459 303.732053 -21.183734
4 333.987030 333.987030 0.000000 327.911319 303.376708 -21.388468
5 0.000000 0.000000 128.000000 -6.352925 -30.474282 106.242264
6 333.987030 0.000000 128.000000 327.633853 -30.829627 106.037530
7 0.000000 333.987030 128.000000 -5.997229 303.512065 106.816053
8 333.987030 333.987030 128.000000 327.989549 303.156721 106.611319

(All distances are in millimeters.)
----------------------------------------------------------------------
