----------------------------------------------------------------------
Transformation Parameters

Patient number: 005
From: ct
To: mr_T1_rectified

Point      x          y          z        new_x       new_y       new_z

1 0.000000 0.000000 0.000000 -4.425115 -33.735243 -18.082232
2 333.987030 0.000000 0.000000 329.552486 -31.423890 -19.059793
3 0.000000 333.987030 0.000000 -6.730568 300.237810 -16.076986
4 333.987030 333.987030 0.000000 327.247034 302.549163 -17.054547
5 0.000000 0.000000 128.000000 -4.045164 -34.501143 109.914913
6 333.987030 0.000000 128.000000 329.932438 -32.189789 108.937352
7 0.000000 333.987030 128.000000 -6.350616 299.471910 111.920159
8 333.987030 333.987030 128.000000 327.626985 301.783263 110.942598

(All distances are in millimeters.)
----------------------------------------------------------------------
