----------------------------------------------------------------------
Transformation Parameters

Patient number: 003
From: ct
To: mr_T1

Point      x          y          z        new_x       new_y       new_z

1 0.000000 0.000000 0.000000 -1.708379 -29.320372 -34.520386
2 333.987030 0.000000 0.000000 332.269801 -31.379077 -33.226961
3 0.000000 333.987030 0.000000 0.366504 304.633604 -38.736193
4 333.987030 333.987030 0.000000 334.344684 302.574899 -37.442767
5 0.000000 0.000000 132.000000 -2.209252 -27.651049 97.468107
6 333.987030 0.000000 132.000000 331.768928 -29.709754 98.761533
7 0.000000 333.987030 132.000000 -0.134369 306.302927 93.252301
8 333.987030 333.987030 132.000000 333.843811 304.244222 94.545726

(All distances are in millimeters.)
----------------------------------------------------------------------
