----------------------------------------------------------------------
Transformation Parameters

Patient number: 007
From: pet
To: mr_T1

Point      x          y          z        new_x       new_y       new_z

1 0.000000 0.000000 0.000000 8.431320 -8.684979 -3.501489
2 329.021826 0.000000 0.000000 337.406862 -3.179709 -3.884799
3 0.000000 329.021826 0.000000 2.926055 320.290786 -3.494579
4 329.021826 329.021826 0.000000 331.901596 325.796055 -3.877889
5 0.000000 0.000000 112.000000 8.561821 -8.685148 108.498435
6 329.021826 0.000000 112.000000 337.537363 -3.179878 108.115125
7 0.000000 329.021826 112.000000 3.056556 320.290617 108.505345
8 329.021826 329.021826 112.000000 332.032098 325.795887 108.122035

(All distances are in millimeters.)
----------------------------------------------------------------------
