----------------------------------------------------------------------
Transformation Parameters

Patient number: 001
From: pet
To: mr_PD_rectified

Point      x          y          z        new_x       new_y       new_z

1 0.000000 0.000000 0.000000 10.583095 -13.591988 -3.875234
2 329.021826 0.000000 0.000000 339.225608 -10.358859 11.584634
3 0.000000 329.021826 0.000000 7.530690 315.392404 -7.788528
4 329.021826 329.021826 0.000000 336.173203 318.625533 7.671341
5 0.000000 0.000000 112.000000 5.308019 -12.310250 107.993129
6 329.021826 0.000000 112.000000 333.950532 -9.077121 123.452998
7 0.000000 329.021826 112.000000 2.255614 316.674143 104.079836
8 329.021826 329.021826 112.000000 330.898127 319.907272 119.539704

(All distances are in millimeters.)
----------------------------------------------------------------------
