----------------------------------------------------------------------
Transformation Parameters

Patient number: 007
From: pet
To: mr_T1_rectified

Point      x          y          z        new_x       new_y       new_z

1 0.000000 0.000000 0.000000 5.881130 -0.750873 -2.571643
2 329.021826 0.000000 0.000000 334.876197 -4.794573 -1.450669
3 0.000000 329.021826 0.000000 9.923387 328.245841 -2.142270
4 329.021826 329.021826 0.000000 338.918454 324.202141 -1.021296
5 0.000000 0.000000 112.000000 5.497780 -0.892333 109.427612
6 329.021826 0.000000 112.000000 334.492847 -4.936033 110.548586
7 0.000000 329.021826 112.000000 9.540037 328.104381 109.856985
8 329.021826 329.021826 112.000000 338.535104 324.060681 110.977959

(All distances are in millimeters.)
----------------------------------------------------------------------
