----------------------------------------------------------------------
Transformation Parameters

Patient number: 001
From: pet
To: mr_T2

Point      x          y          z        new_x       new_y       new_z

1 0.000000 0.000000 0.000000 2.490669 -11.813983 7.096644
2 329.021826 0.000000 0.000000 331.362003 -14.967584 -2.340635
3 0.000000 329.021826 0.000000 5.527590 317.168240 2.993519
4 329.021826 329.021826 0.000000 334.398925 314.014639 -6.443760
5 0.000000 0.000000 112.000000 5.716147 -10.447558 119.041850
6 329.021826 0.000000 112.000000 334.587481 -13.601159 109.604571
7 0.000000 329.021826 112.000000 8.753068 318.534666 114.938725
8 329.021826 329.021826 112.000000 337.624403 315.381065 105.501446

(All distances are in millimeters.)
----------------------------------------------------------------------
