----------------------------------------------------------------------
Transformation Parameters

Patient number: 006
From: ct
To: mr_T1

Point      x          y          z        new_x       new_y       new_z

1 0.000000 0.000000 0.000000 -9.445845 -29.229646 -23.290585
2 333.987030 0.000000 0.000000 324.534659 -31.215471 -23.935505
3 0.000000 333.987030 0.000000 -7.463335 304.747145 -24.996250
4 333.987030 333.987030 0.000000 326.517168 302.761320 -25.641170
5 0.000000 0.000000 116.000000 -9.218336 -28.638577 92.707686
6 333.987030 0.000000 116.000000 324.762167 -30.624403 92.062766
7 0.000000 333.987030 116.000000 -7.235827 305.338213 91.002021
8 333.987030 333.987030 116.000000 326.744677 303.352388 90.357101

(All distances are in millimeters.)
----------------------------------------------------------------------
