----------------------------------------------------------------------
Transformation Parameters

Patient number: 007
From: ct
To: mr_PD_rectified

Point      x          y          z        new_x       new_y       new_z

1 0.000000 0.000000 0.000000 -3.935972 -21.845568 -5.532731
2 333.987030 0.000000 0.000000 330.045349 -21.894698 -7.484866
3 0.000000 333.987030 0.000000 -3.881198 312.140061 -4.567176
4 333.987030 333.987030 0.000000 330.100123 312.090932 -6.519311
5 0.000000 0.000000 108.000000 -3.304767 -22.157894 102.464973
6 333.987030 0.000000 108.000000 330.676554 -22.207023 100.512838
7 0.000000 333.987030 108.000000 -3.249993 311.827736 103.430528
8 333.987030 333.987030 108.000000 330.731328 311.778606 101.478393

(All distances are in millimeters.)
----------------------------------------------------------------------
