----------------------------------------------------------------------
Transformation Parameters

Patient number: 007
From: pet
To: mr_T2

Point      x          y          z        new_x       new_y       new_z

1 0.000000 0.000000 0.000000 5.619970 -1.493067 1.385819
2 329.021826 0.000000 0.000000 334.478967 -6.091911 10.657951
3 0.000000 329.021826 0.000000 10.543197 327.289358 -10.157188
4 329.021826 329.021826 0.000000 339.402194 322.690513 -0.885055
5 0.000000 0.000000 112.000000 2.520926 2.481490 113.272363
6 329.021826 0.000000 112.000000 331.379923 -2.117354 122.544496
7 0.000000 329.021826 112.000000 7.444153 331.263915 101.729357
8 329.021826 329.021826 112.000000 336.303150 326.665070 111.001489

(All distances are in millimeters.)
----------------------------------------------------------------------
