----------------------------------------------------------------------
Transformation Parameters

Patient number: 001
From: pet
To: mr_PD

Point      x          y          z        new_x       new_y       new_z

1 0.000000 0.000000 0.000000 2.306430 -9.847307 6.009664
2 329.021826 0.000000 0.000000 331.249016 -15.994006 2.220866
3 0.000000 329.021826 0.000000 8.313790 318.908191 -5.784228
4 329.021826 329.021826 0.000000 337.256376 312.761492 -9.573026
5 0.000000 0.000000 112.000000 3.670105 -5.857146 117.930256
6 329.021826 0.000000 112.000000 332.612691 -12.003846 114.141458
7 0.000000 329.021826 112.000000 9.677466 322.898352 106.136364
8 329.021826 329.021826 112.000000 338.620052 316.751653 102.347566

(All distances are in millimeters.)
----------------------------------------------------------------------
