----------------------------------------------------------------------
Transformation Parameters

Patient number: 004
From: ct
To: mr_T2

Point      x          y          z        new_x       new_y       new_z

1 0.000000 0.000000 0.000000 -2.897427 -28.032914 -26.981696
2 333.987030 0.000000 0.000000 331.057916 -32.627258 -27.220162
3 0.000000 333.987030 0.000000 1.697411 305.921763 -26.276650
4 333.987030 333.987030 0.000000 335.652755 301.327419 -26.515116
5 0.000000 0.000000 104.000000 -2.826199 -28.253459 77.018046
6 333.987030 0.000000 104.000000 331.129145 -32.847803 76.779580
7 0.000000 333.987030 104.000000 1.768640 305.701218 77.723092
8 333.987030 333.987030 104.000000 335.723983 301.106874 77.484626

(All distances are in millimeters.)
----------------------------------------------------------------------
