----------------------------------------------------------------------
Transformation Parameters

Patient number: 003
From: ct
To: mr_T2_rectified

Point      x          y          z        new_x       new_y       new_z

1 0.000000 0.000000 0.000000 -0.205187 -30.954520 -36.419590
2 333.987030 0.000000 0.000000 333.781151 -31.357397 -36.967328
3 0.000000 333.987030 0.000000 0.197935 303.032234 -36.270297
4 333.987030 333.987030 0.000000 334.184273 302.629357 -36.818036
5 0.000000 0.000000 132.000000 0.011221 -31.013785 95.580220
6 333.987030 0.000000 132.000000 333.997559 -31.416662 95.032481
7 0.000000 333.987030 132.000000 0.414343 302.972969 95.729512
8 333.987030 333.987030 132.000000 334.400681 302.570092 95.181774

(All distances are in millimeters.)
----------------------------------------------------------------------
