----------------------------------------------------------------------
Transformation Parameters

Patient number: 004
From: ct
To: mr_T2_rectified

Point      x          y          z        new_x       new_y       new_z

1 0.000000 0.000000 0.000000 1.464887 -30.973950 -26.896694
2 333.987030 0.000000 0.000000 335.451536 -30.477815 -26.806184
3 0.000000 333.987030 0.000000 0.968583 303.012127 -26.271805
4 333.987030 333.987030 0.000000 334.955232 303.508262 -26.181294
5 0.000000 0.000000 104.000000 1.436992 -31.168576 77.103120
6 333.987030 0.000000 104.000000 335.423641 -30.672441 77.193631
7 0.000000 333.987030 104.000000 0.940688 302.817501 77.728010
8 333.987030 333.987030 104.000000 334.927337 303.313636 77.818520

(All distances are in millimeters.)
----------------------------------------------------------------------
