----------------------------------------------------------------------
Transformation Parameters

Patient number: 004
From: ct
To: mr_PD

Point      x          y          z        new_x       new_y       new_z

1 0.000000 0.000000 0.000000 -1.113578 -29.387485 -20.817556
2 333.987030 0.000000 0.000000 332.872046 -30.321305 -21.076060
3 0.000000 333.987030 0.000000 -0.180761 304.595765 -22.104071
4 333.987030 333.987030 0.000000 333.804864 303.661945 -22.362575
5 0.000000 0.000000 104.000000 -1.031964 -28.987104 83.181641
6 333.987030 0.000000 104.000000 332.953661 -29.920925 82.923137
7 0.000000 333.987030 104.000000 -0.099146 304.996145 81.895126
8 333.987030 333.987030 104.000000 333.886478 304.062325 81.636622

(All distances are in millimeters.)
----------------------------------------------------------------------
