----------------------------------------------------------------------
Transformation Parameters

Patient number: 002
From: ct
To: mr_T2

Point      x          y          z        new_x       new_y       new_z

1 0.000000 0.000000 0.000000 -0.002102 -32.394544 -21.581190
2 333.987030 0.000000 0.000000 333.983903 -33.209411 -21.724804
3 0.000000 333.987030 0.000000 0.812826 301.591462 -21.440581
4 333.987030 333.987030 0.000000 334.798831 300.776595 -21.584196
5 0.000000 0.000000 112.000000 0.045943 -32.441813 90.418790
6 333.987030 0.000000 112.000000 334.031948 -33.256680 90.275175
7 0.000000 333.987030 112.000000 0.860871 301.544193 90.559398
8 333.987030 333.987030 112.000000 334.846876 300.729326 90.415784

(All distances are in millimeters.)
----------------------------------------------------------------------
