----------------------------------------------------------------------
Transformation Parameters

Patient number: 007
From: pet
To: mr_PD_rectified

Point      x          y          z        new_x       new_y       new_z

1 0.000000 0.000000 0.000000 10.706145 -1.230026 -8.159391
2 329.021826 0.000000 0.000000 339.301062 -0.722328 8.588281
3 0.000000 329.021826 0.000000 9.872561 327.728824 -1.776439
4 329.021826 329.021826 0.000000 338.467478 328.236522 14.971233
5 0.000000 0.000000 112.000000 5.009632 -3.414426 103.674317
6 329.021826 0.000000 112.000000 333.604549 -2.906728 120.421989
7 0.000000 329.021826 112.000000 4.176048 325.544424 110.057269
8 329.021826 329.021826 112.000000 332.770965 326.052122 126.804941

(All distances are in millimeters.)
----------------------------------------------------------------------
