----------------------------------------------------------------------
Transformation Parameters

Patient number: 007
From: pet
To: mr_T2_rectified

Point      x          y          z        new_x       new_y       new_z

1 0.000000 0.000000 0.000000 9.133903 -3.223628 6.596838
2 329.021826 0.000000 0.000000 338.153670 -2.089183 6.336599
3 0.000000 329.021826 0.000000 7.996551 325.774649 2.828305
4 329.021826 329.021826 0.000000 337.016318 326.909094 2.568066
5 0.000000 0.000000 112.000000 9.218060 -1.940510 118.589456
6 329.021826 0.000000 112.000000 338.237827 -0.806065 118.329217
7 0.000000 329.021826 112.000000 8.080708 327.057767 114.820923
8 329.021826 329.021826 112.000000 337.100475 328.192212 114.560684

(All distances are in millimeters.)
----------------------------------------------------------------------
