----------------------------------------------------------------------
Transformation Parameters

Patient number: 007
From: ct
To: mr_PD

Point      x          y          z        new_x       new_y       new_z

1 0.000000 0.000000 0.000000 -7.026252 -21.613930 -4.994482
2 333.987030 0.000000 0.000000 326.954640 -22.831027 -6.612585
3 0.000000 333.987030 0.000000 -5.822943 312.358859 -7.834340
4 333.987030 333.987030 0.000000 328.157949 311.141761 -9.452442
5 0.000000 0.000000 108.000000 -6.499689 -20.697519 103.000346
6 333.987030 0.000000 108.000000 327.481203 -21.914617 101.382244
7 0.000000 333.987030 108.000000 -5.296380 313.275269 100.160489
8 333.987030 333.987030 108.000000 328.684513 312.058172 98.542386

(All distances are in millimeters.)
----------------------------------------------------------------------
