----------------------------------------------------------------------
Transformation Parameters

Patient number: 006
From: pet
To: mr_T2

Point      x          y          z        new_x       new_y       new_z

1 0.000000 0.000000 0.000000 6.003425 4.699458 -16.187800
2 329.021826 0.000000 0.000000 334.186022 0.569838 6.931264
3 0.000000 329.021826 0.000000 10.141423 333.695261 -16.161478
4 329.021826 329.021826 0.000000 338.324020 329.565641 6.957586
5 0.000000 0.000000 112.000000 -1.865863 4.789497 95.535368
6 329.021826 0.000000 112.000000 326.316734 0.659877 118.654432
7 0.000000 329.021826 112.000000 2.272136 333.785299 95.561690
8 329.021826 329.021826 112.000000 330.454733 329.655680 118.680754

(All distances are in millimeters.)
----------------------------------------------------------------------
