----------------------------------------------------------------------
Transformation Parameters

Patient number: 002
From: ct
To: mr_PD_rectified

Point      x          y          z        new_x       new_y       new_z

1 0.000000 0.000000 0.000000 2.201856 -30.428886 -18.870144
2 333.987030 0.000000 0.000000 336.185855 -30.783598 -17.492182
3 0.000000 333.987030 0.000000 2.543175 303.542225 -15.627181
4 333.987030 333.987030 0.000000 336.527174 303.187513 -14.249219
5 0.000000 0.000000 112.000000 1.738634 -31.515907 93.123623
6 333.987030 0.000000 112.000000 335.722633 -31.870619 94.501585
7 0.000000 333.987030 112.000000 2.079953 302.455204 96.366586
8 333.987030 333.987030 112.000000 336.063952 302.100492 97.744548

(All distances are in millimeters.)
----------------------------------------------------------------------
