----------------------------------------------------------------------
Transformation Parameters

Patient number: 001
From: ct
To: mr_T1

Point      x          y          z        new_x       new_y       new_z

1 0.000000 0.000000 0.000000 -1.138137 -21.144227 -4.535141
2 333.987030 0.000000 0.000000 332.804774 -23.212218 -9.554299
3 0.000000 333.987030 0.000000 1.020057 312.781779 1.473295
4 333.987030 333.987030 0.000000 334.962968 310.713787 -3.545862
5 0.000000 0.000000 108.000000 0.472560 -23.097381 103.435182
6 333.987030 0.000000 108.000000 334.415471 -25.165373 98.416025
7 0.000000 333.987030 108.000000 2.630754 310.828624 109.443619
8 333.987030 333.987030 108.000000 336.573665 308.760633 104.424461

(All distances are in millimeters.)
----------------------------------------------------------------------
