----------------------------------------------------------------------
Transformation Parameters

Patient number: 005
From: pet
To: mr_T1

Point      x          y          z        new_x       new_y       new_z

1 0.000000 0.000000 0.000000 52.219518 24.887361 -2.885423
2 246.766339 0.000000 0.000000 298.958819 28.348010 -1.716104
3 0.000000 246.766339 0.000000 48.774579 271.608113 -6.145605
4 246.766339 246.766339 0.000000 295.513880 275.068763 -4.976286
5 0.000000 0.000000 112.000000 51.668145 26.359490 109.103544
6 246.766339 0.000000 112.000000 298.407446 29.820140 110.272863
7 0.000000 246.766339 112.000000 48.223206 273.080243 105.843362
8 246.766339 246.766339 112.000000 294.962507 276.540892 107.012681

(All distances are in millimeters.)
----------------------------------------------------------------------
