----------------------------------------------------------------------
Transformation Parameters

Patient number: 003
From: ct
To: mr_PD

Point      x          y          z        new_x       new_y       new_z

1 0.000000 0.000000 0.000000 -0.249363 -38.648496 -40.531891
2 333.987030 0.000000 0.000000 333.725107 -37.430873 -37.903785
3 0.000000 333.987030 0.000000 -1.406995 295.250306 -48.120425
4 333.987030 333.987030 0.000000 332.567476 296.467929 -45.492319
5 0.000000 0.000000 132.000000 -1.298716 -35.653031 91.429945
6 333.987030 0.000000 132.000000 332.675755 -34.435408 94.058051
7 0.000000 333.987030 132.000000 -2.456347 298.245771 83.841411
8 333.987030 333.987030 132.000000 331.518123 299.463394 86.469517

(All distances are in millimeters.)
----------------------------------------------------------------------
