-------------------------------------------------------------
Transformation Parameters

Patient number: 001
From: pet
To: mr_T2_rectified

Point      x          y          z        new_x       new_y       new_z

  1     0.0000     0.0000     0.0000     5.3638    -8.4143    -4.6784
  2   329.0218     0.0000     0.0000   333.9955   -16.1465     9.3503
  3     0.0000   329.0218     0.0000    12.8500   320.4694     1.2243
  4   329.0218   329.0218     0.0000   341.4817   312.7371    15.2530
  5     0.0000     0.0000   112.0000     0.5432   -10.3126   107.2017
  6   329.0218     0.0000   112.0000   329.1749   -18.0448   121.2304
  7     0.0000   329.0218   112.0000     8.0294   318.5711   113.1044
  8   329.0218   329.0218   112.0000   336.6611   310.8389   127.1331

(All distances are in millimeters.)
-------------------------------------------------------------
