-------------------------------------------------------------
Transformation Parameters

Patient number: 001
From: ct
To: mr_T2

Point      x          y          z        new_x       new_y       new_z

  1     0.0000     0.0000     0.0000    -3.3738   -17.4318   -18.5163
  2   333.9870     0.0000     0.0000   329.5070   -15.1898   -45.5852
  3     0.0000   333.9870     0.0000    -0.9046   311.5392    39.0970
  4   333.9870   333.9870     0.0000   331.9762   313.7813    12.0281
  5     0.0000     0.0000   108.0000     5.3730   -36.0650    87.5039
  6   333.9870     0.0000   108.0000   338.2537   -33.8230    60.4351
  7     0.0000   333.9870   108.0000     7.8422   292.9061   145.1173
  8   333.9870   333.9870   108.0000   340.7230   295.1481   118.0484

(All distances are in millimeters.)
-------------------------------------------------------------
