-------------------------------------------------------------
Transformation Parameters

Patient number: 001
From: ct
To: mr_T1

Point      x          y          z        new_x       new_y       new_z

  1     0.0000     0.0000     0.0000    -2.9640   -17.5827   -17.6312
  2   333.9870     0.0000     0.0000   330.1802   -16.1990   -41.3035
  3     0.0000   333.9870     0.0000    -0.7128   312.4839    33.3427
  4   333.9870   333.9870     0.0000   332.4314   313.8675     9.6704
  5     0.0000     0.0000   108.0000     4.6693   -34.0759    88.8287
  6   333.9870     0.0000   108.0000   337.8135   -32.6922    65.1564
  7     0.0000   333.9870   108.0000     6.9205   295.9907   139.8026
  8   333.9870   333.9870   108.0000   340.0646   297.3743   116.1303

(All distances are in millimeters.)
-------------------------------------------------------------
