-------------------------------------------------------------
Transformation Parameters

Patient number: 001
From: ct
To: mr_PD

Point      x          y          z        new_x       new_y       new_z

  1     0.0000     0.0000     0.0000    -4.4127   -16.4935   -14.5567
  2   333.9870     0.0000     0.0000   328.7053   -17.9057   -38.5936
  3     0.0000   333.9870     0.0000     0.3060   314.2824    31.4044
  4   333.9870   333.9870     0.0000   333.4240   312.8702     7.3675
  5     0.0000     0.0000   108.0000     3.2224   -31.4268    92.1331
  6   333.9870     0.0000   108.0000   336.3404   -32.8391    68.0961
  7     0.0000   333.9870   108.0000     7.9411   299.3490   138.0941
  8   333.9870   333.9870   108.0000   341.0591   297.9368   114.0572

(All distances are in millimeters.)
-------------------------------------------------------------
