-------------------------------------------------------------
Transformation Parameters

Patient number: 001
From: pet
To: mr_T2

Point      x          y          z        new_x       new_y       new_z

  1     0.0000     0.0000     0.0000     2.2095    -7.2481   -10.2395
  2   329.0218     0.0000     0.0000   330.4012   -19.8622     9.4187
  3     0.0000   329.0218     0.0000    14.0706   321.3104     2.5671
  4   329.0218   329.0218     0.0000   342.2623   308.6963    22.2253
  5     0.0000     0.0000   112.0000    -4.6399   -11.3552   101.4754
  6   329.0218     0.0000   112.0000   323.5518   -23.9693   121.1336
  7     0.0000   329.0218   112.0000     7.2212   317.2032   114.2819
  8   329.0218   329.0218   112.0000   335.4129   304.5892   133.9402

(All distances are in millimeters.)
-------------------------------------------------------------
