-------------------------------------------------------------
Transformation Parameters

Patient number: 001
From: pet
To: mr_PD

Point      x          y          z        new_x       new_y       new_z

  1     0.0000     0.0000     0.0000     8.5786   -12.6243   -10.0753
  2   329.0218     0.0000     0.0000   336.7750   -13.0104    13.2136
  3     0.0000   329.0218     0.0000     8.5237   316.3386    -3.8474
  4   329.0218   329.0218     0.0000   336.7201   315.9524    19.4415
  5     0.0000     0.0000   112.0000     0.6500   -14.7403   101.6237
  6   329.0218     0.0000   112.0000   328.8463   -15.1264   124.9126
  7     0.0000   329.0218   112.0000     0.5950   314.2226   107.8515
  8   329.0218   329.0218   112.0000   328.7914   313.8365   131.1404

(All distances are in millimeters.)
-------------------------------------------------------------
