-------------------------------------------------------------
Transformation Parameters

Patient number: 001
From: pet
To: mr_T1

Point      x          y          z        new_x       new_y       new_z

  1     0.0000     0.0000     0.0000     5.3540   -10.8972    -7.9303
  2   329.0218     0.0000     0.0000   333.6681   -16.2166    12.9715
  3     0.0000   329.0218     0.0000    10.7694   318.0773    -9.2711
  4   329.0218   329.0218     0.0000   339.0836   312.7579    11.6306
  5     0.0000     0.0000   112.0000    -1.7526   -10.3247   103.8426
  6   329.0218     0.0000   112.0000   326.5615   -15.6441   124.7443
  7     0.0000   329.0218   112.0000     3.6628   318.6499   102.5018
  8   329.0218   329.0218   112.0000   331.9770   313.3305   123.4035

(All distances are in millimeters.)
-------------------------------------------------------------
