-------------------------------------------------------------
Transformation Parameters

Patient number: 001
From: pet
To: mr_PD

Point      x          y          z        new_x       new_y       new_z

  1     0.0000     0.0000     0.0000     6.1104   -12.8583     1.6522
  2   329.0218     0.0000     0.0000   334.9162   -10.6981    13.3749
  3     0.0000   329.0218     0.0000     3.9821   316.1553     0.7193
  4   329.0218   329.0218     0.0000   332.7879   318.3155    12.4421
  5     0.0000     0.0000   112.0000     2.1180   -12.5668   113.5806
  6   329.0218     0.0000   112.0000   330.9238   -10.4066   125.3034
  7     0.0000   329.0218   112.0000    -0.0103   316.4468   112.6478
  8   329.0218   329.0218   112.0000   328.7955   318.6070   124.3705

(All distances are in millimeters.)
-------------------------------------------------------------
