-------------------------------------------------------------
Transformation Parameters

Patient number: 001
From: pet
To: mr_T1

Point      x          y          z        new_x       new_y       new_z

  1     0.0000     0.0000     0.0000     5.9569   -12.5947     1.2907
  2   329.0218     0.0000     0.0000   334.7519   -10.4487    13.3151
  3     0.0000   329.0218     0.0000     3.8084   316.4201     1.3193
  4   329.0218   329.0218     0.0000   332.6034   318.5661    13.3437
  5     0.0000     0.0000   112.0000     1.8639   -12.6311   113.2159
  6   329.0218     0.0000   112.0000   330.6589   -10.4852   125.2403
  7     0.0000   329.0218   112.0000    -0.2846   316.3837   113.2445
  8   329.0218   329.0218   112.0000   328.5104   318.5296   125.2689

(All distances are in millimeters.)
-------------------------------------------------------------
