-------------------------------------------------------------
Transformation Parameters

Patient number: 001
From: pet
To: mr_PD_rectified

Point      x          y          z        new_x       new_y       new_z

  1     0.0000     0.0000     0.0000     7.7501   -11.7522     8.5090
  2   329.0218     0.0000     0.0000   336.7092    -8.4536    14.0210
  3     0.0000   329.0218     0.0000     4.5958   317.1426    -0.0687
  4   329.0218   329.0218     0.0000   333.5549   320.4413     5.4433
  5     0.0000     0.0000   112.0000     5.8452    -8.8509   120.4552
  6   329.0218     0.0000   112.0000   334.8043    -5.5522   125.9672
  7     0.0000   329.0218   112.0000     2.6910   320.0440   111.8775
  8   329.0218   329.0218   112.0000   331.6501   323.3426   117.3895

(All distances are in millimeters.)
-------------------------------------------------------------
