-------------------------------------------------------------
Transformation Parameters

Patient number: 001
From: ct
To: mr_T1

Point      x          y          z        new_x       new_y       new_z

  1     0.0000     0.0000     0.0000     4.4368   -23.1094     4.9948
  2   333.9870     0.0000     0.0000   338.4221   -23.0610     6.0728
  3     0.0000   333.9870     0.0000     4.3868   310.8773     5.4770
  4   333.9870   333.9870     0.0000   338.3721   310.9257     6.5551
  5     0.0000     0.0000   108.0000     4.0883   -23.2654   112.9941
  6   333.9870     0.0000   108.0000   338.0736   -23.2170   114.0721
  7     0.0000   333.9870   108.0000     4.0383   310.7213   113.4764
  8   333.9870   333.9870   108.0000   338.0236   310.7697   114.5544

(All distances are in millimeters.)
-------------------------------------------------------------
