-------------------------------------------------------------
Transformation Parameters

Patient number: 001
From: ct
To: mr_PD_rectified

Point      x          y          z        new_x       new_y       new_z

  1     0.0000     0.0000     0.0000    -2.8034   -14.6562    10.7254
  2   333.9870     0.0000     0.0000   330.8805   -28.8612     9.9729
  3     0.0000   333.9870     0.0000    11.4064   319.0205    13.0203
  4   333.9870   333.9870     0.0000   345.0904   304.8155    12.2678
  5     0.0000     0.0000   108.0000    -2.5919   -15.4080   118.7226
  6   333.9870     0.0000   108.0000   331.0921   -29.6130   117.9701
  7     0.0000   333.9870   108.0000    11.6179   318.2687   121.0175
  8   333.9870   333.9870   108.0000   345.3019   304.0638   120.2649

(All distances are in millimeters.)
-------------------------------------------------------------
