----------------------------------------------------------------------
Transformation Parameters

Patient number: 004
From: ct
To: mr_T2_rectified

Point      x          y          z        new_x       new_y       new_z

1 0.000000 0.000000 0.000000 1.398258 -31.079631 -13.216640
2 333.987030 0.000000 0.000000 335.385214 -31.301385 -13.243025
3 0.000000 333.987030 0.000000 1.620026 302.907287 -13.054990
4 333.987030 333.987030 0.000000 335.606981 302.685532 -13.081375
5 0.000000 0.000000 104.000000 1.406441 -31.129972 90.783347
6 333.987030 0.000000 104.000000 335.393396 -31.351727 90.756962
7 0.000000 333.987030 104.000000 1.628208 302.856945 90.944997
8 333.987030 333.987030 104.000000 335.615164 302.635191 90.918612

(All distances are in millimeters.)
----------------------------------------------------------------------
