----------------------------------------------------------------------
Transformation Parameters

Patient number: 007
From: ct
To: mr_T2_rectified

Point      x          y          z        new_x       new_y       new_z

1 0.000000 0.000000 0.000000 -3.847460 -22.561400 -6.664518
2 333.987030 0.000000 0.000000 330.139536 -22.524240 -6.810804
3 0.000000 333.987030 0.000000 -3.884533 311.425569 -6.465128
4 333.987030 333.987030 0.000000 330.102463 311.462729 -6.611414
5 0.000000 0.000000 108.000000 -3.800149 -22.625871 101.335452
6 333.987030 0.000000 108.000000 330.186847 -22.588711 101.189166
7 0.000000 333.987030 108.000000 -3.837222 311.361098 101.534842
8 333.987030 333.987030 108.000000 330.149774 311.398258 101.388556

(All distances are in millimeters.)
----------------------------------------------------------------------
