----------------------------------------------------------------------
Transformation Parameters

Patient number: 005
From: pet
To: mr_T2

Point      x          y          z        new_x       new_y       new_z

1 0.000000 0.000000 0.000000 49.633443 26.364951 -2.055597
2 246.766339 0.000000 0.000000 296.399600 26.404900 -1.758491
3 0.000000 246.766339 0.000000 49.592727 273.130463 -1.417954
4 246.766339 246.766339 0.000000 296.358884 273.170412 -1.120848
5 0.000000 0.000000 112.000000 49.498643 26.075521 109.943948
6 246.766339 0.000000 112.000000 296.264800 26.115470 110.241054
7 0.000000 246.766339 112.000000 49.457927 272.841033 110.581591
8 246.766339 246.766339 112.000000 296.224084 272.880982 110.878697

(All distances are in millimeters.)
----------------------------------------------------------------------
