----------------------------------------------------------------------
Transformation Parameters

Patient number: 007
From: pet
To: mr_PD_rectified

Point      x          y          z        new_x       new_y       new_z

1 0.000000 0.000000 0.000000 8.672235 -2.141873 3.494056
2 329.021826 0.000000 0.000000 337.694042 -2.177589 3.386795
3 0.000000 329.021826 0.000000 8.707770 326.879475 2.934391
4 329.021826 329.021826 0.000000 337.729576 326.843758 2.827130
5 0.000000 0.000000 112.000000 8.708768 -1.951365 115.493888
6 329.021826 0.000000 112.000000 337.730574 -1.987081 115.386627
7 0.000000 329.021826 112.000000 8.744302 327.069983 114.934223
8 329.021826 329.021826 112.000000 337.766109 327.034266 114.826962

(All distances are in millimeters.)
----------------------------------------------------------------------
