----------------------------------------------------------------------
Transformation Parameters

Patient number: 005
From: ct
To: mr_T2

Point      x          y          z        new_x       new_y       new_z

1 0.000000 0.000000 0.000000 -6.207758 -31.641110 -21.622316
2 333.987030 0.000000 0.000000 327.779263 -31.620151 -21.548505
3 0.000000 333.987030 0.000000 -6.228800 302.345714 -21.252259
4 333.987030 333.987030 0.000000 327.758222 302.366674 -21.178448
5 0.000000 0.000000 128.000000 -6.236038 -31.782936 106.377602
6 333.987030 0.000000 128.000000 327.750984 -31.761976 106.451413
7 0.000000 333.987030 128.000000 -6.257079 302.203889 106.747659
8 333.987030 333.987030 128.000000 327.729943 302.224848 106.821470

(All distances are in millimeters.)
----------------------------------------------------------------------
