----------------------------------------------------------------------
Transformation Parameters

Patient number: 007
From: pet
To: mr_T1

Point      x          y          z        new_x       new_y       new_z

1 0.000000 0.000000 0.000000 6.222112 -1.788971 3.517879
2 329.021826 0.000000 0.000000 335.243887 -1.692565 3.362251
3 0.000000 329.021826 0.000000 6.125708 327.232841 3.523801
4 329.021826 329.021826 0.000000 335.147483 327.329247 3.368174
5 0.000000 0.000000 112.000000 6.275088 -1.790971 115.517866
6 329.021826 0.000000 112.000000 335.296863 -1.694565 115.362239
7 0.000000 329.021826 112.000000 6.178685 327.230840 115.523789
8 329.021826 329.021826 112.000000 335.200460 327.327247 115.368161

(All distances are in millimeters.)
----------------------------------------------------------------------
