----------------------------------------------------------------------
Transformation Parameters

Patient number: 005
From: pet
To: mr_PD_rectified

Point      x          y          z        new_x       new_y       new_z

1 0.000000 0.000000 0.000000 50.467557 24.819925 1.709980
2 246.766339 0.000000 0.000000 297.233581 24.836330 2.104313
3 0.000000 246.766339 0.000000 50.451024 271.586251 1.790426
4 246.766339 246.766339 0.000000 297.217047 271.602656 2.184759
5 0.000000 0.000000 112.000000 50.288584 24.783401 113.709831
6 246.766339 0.000000 112.000000 297.054607 24.799806 114.104164
7 0.000000 246.766339 112.000000 50.272050 271.549727 113.790277
8 246.766339 246.766339 112.000000 297.038074 271.566132 114.184610

(All distances are in millimeters.)
----------------------------------------------------------------------
