----------------------------------------------------------------------
Transformation Parameters

Patient number: 001
From: pet
To: mr_T2_rectified

Point      x          y          z        new_x       new_y       new_z

1 0.000000 0.000000 0.000000 7.121350 -12.385256 5.709110
2 329.021826 0.000000 0.000000 336.143100 -12.583690 5.810120
3 0.000000 329.021826 0.000000 7.319750 316.636491 5.820648
4 329.021826 329.021826 0.000000 336.341501 316.438057 5.921658
5 0.000000 0.000000 112.000000 7.086943 -12.423203 117.709098
6 329.021826 0.000000 112.000000 336.108694 -12.621637 117.810108
7 0.000000 329.021826 112.000000 7.285343 316.598544 117.820636
8 329.021826 329.021826 112.000000 336.307094 316.400110 117.921646

(All distances are in millimeters.)
----------------------------------------------------------------------
