----------------------------------------------------------------------
Transformation Parameters

Patient number: 003
From: ct
To: mr_T1

Point      x          y          z        new_x       new_y       new_z

1 0.000000 0.000000 0.000000 -1.006214 -29.598023 -33.828387
2 333.987030 0.000000 0.000000 332.980722 -29.709504 -34.053494
3 0.000000 333.987030 0.000000 -0.894662 304.388972 -33.723849
4 333.987030 333.987030 0.000000 333.092274 304.277491 -33.948956
5 0.000000 0.000000 132.000000 -0.917260 -29.639369 98.171576
6 333.987030 0.000000 132.000000 333.069676 -29.750850 97.946469
7 0.000000 333.987030 132.000000 -0.805708 304.347626 98.276114
8 333.987030 333.987030 132.000000 333.181228 304.236145 98.051007

(All distances are in millimeters.)
----------------------------------------------------------------------
