----------------------------------------------------------------------
Transformation Parameters

Patient number: 001
From: ct
To: mr_T1_rectified

Point      x          y          z        new_x       new_y       new_z

1 0.000000 0.000000 0.000000 2.037734 -22.608638 -1.781357
2 333.987030 0.000000 0.000000 336.024305 -22.703688 -2.326758
3 0.000000 333.987030 0.000000 2.132920 311.378368 -1.697861
4 333.987030 333.987030 0.000000 336.119492 311.283318 -2.243261
5 0.000000 0.000000 108.000000 2.214090 -22.635688 106.218495
6 333.987030 0.000000 108.000000 336.200662 -22.730738 105.673095
7 0.000000 333.987030 108.000000 2.309277 311.351318 106.301992
8 333.987030 333.987030 108.000000 336.295848 311.256268 105.756591

(All distances are in millimeters.)
----------------------------------------------------------------------
