----------------------------------------------------------------------
Transformation Parameters

Patient number: 006
From: ct
To: mr_T2_rectified

Point      x          y          z        new_x       new_y       new_z

1 0.000000 0.000000 0.000000 -6.180950 -30.790073 -24.461771
2 333.987030 0.000000 0.000000 327.806067 -30.868911 -24.410337
3 0.000000 333.987030 0.000000 -6.102129 303.196929 -24.349551
4 333.987030 333.987030 0.000000 327.884887 303.118091 -24.298117
5 0.000000 0.000000 116.000000 -6.198823 -30.829045 91.538221
6 333.987030 0.000000 116.000000 327.788193 -30.907883 91.589655
7 0.000000 333.987030 116.000000 -6.120002 303.157957 91.650441
8 333.987030 333.987030 116.000000 327.867014 303.079119 91.701875

(All distances are in millimeters.)
----------------------------------------------------------------------
