----------------------------------------------------------------------
Transformation Parameters

Patient number: 008
From: pet
To: mr_PD

Point      x          y          z        new_x       new_y       new_z

1 0.000000 0.000000 0.000000 1.588668 14.076450 -21.816244
2 329.021826 0.000000 0.000000 330.610480 14.129107 -21.734646
3 0.000000 329.021826 0.000000 1.536025 343.098268 -21.868887
4 329.021826 329.021826 0.000000 330.557836 343.150924 -21.787290
5 0.000000 0.000000 112.000000 1.560889 14.094366 90.183752
6 329.021826 0.000000 112.000000 330.582701 14.147022 90.265349
7 0.000000 329.021826 112.000000 1.508246 343.116183 90.131108
8 329.021826 329.021826 112.000000 330.530057 343.168840 90.212706

(All distances are in millimeters.)
----------------------------------------------------------------------
