----------------------------------------------------------------------
Transformation Parameters

Patient number: 002
From: ct
To: mr_T1

Point      x          y          z        new_x       new_y       new_z

1 0.000000 0.000000 0.000000 0.762911 -25.412209 -21.552184
2 333.987030 0.000000 0.000000 334.749900 -25.265919 -21.473697
3 0.000000 333.987030 0.000000 0.616624 308.574789 -21.565544
4 333.987030 333.987030 0.000000 334.603613 308.721078 -21.487057
5 0.000000 0.000000 112.000000 0.736589 -25.407740 90.447813
6 333.987030 0.000000 112.000000 334.723578 -25.261451 90.526300
7 0.000000 333.987030 112.000000 0.590302 308.579257 90.434453
8 333.987030 333.987030 112.000000 334.577291 308.725547 90.512940

(All distances are in millimeters.)
----------------------------------------------------------------------
