----------------------------------------------------------------------
Transformation Parameters

Patient number: 006
From: ct
To: mr_PD

Point      x          y          z        new_x       new_y       new_z

1 0.000000 0.000000 0.000000 -8.020308 -31.017137 -25.321792
2 333.987030 0.000000 0.000000 325.966718 -31.017824 -25.265014
3 0.000000 333.987030 0.000000 -8.019640 302.969874 -25.208904
4 333.987030 333.987030 0.000000 325.967386 302.969187 -25.152126
5 0.000000 0.000000 116.000000 -8.040028 -31.056345 90.678200
6 333.987030 0.000000 116.000000 325.946998 -31.057032 90.734978
7 0.000000 333.987030 116.000000 -8.039360 302.930666 90.791088
8 333.987030 333.987030 116.000000 325.947666 302.929979 90.847866

(All distances are in millimeters.)
----------------------------------------------------------------------
