----------------------------------------------------------------------
Transformation Parameters

Patient number: 009
From: pet
To: mr_PD

Point      x          y          z        new_x       new_y       new_z

1 0.000000 0.000000 0.000000 5.506941 -4.011324 -22.271324
2 329.021826 0.000000 0.000000 334.528616 -3.818357 -22.023241
3 0.000000 329.021826 0.000000 5.313805 325.010369 -22.047589
4 329.021826 329.021826 0.000000 334.335480 325.203336 -21.799507
5 0.000000 0.000000 112.000000 5.422537 -4.087534 89.728619
6 329.021826 0.000000 112.000000 334.444213 -3.894567 89.976701
7 0.000000 329.021826 112.000000 5.229402 324.934159 89.952353
8 329.021826 329.021826 112.000000 334.251077 325.127126 90.200436

(All distances are in millimeters.)
----------------------------------------------------------------------
