----------------------------------------------------------------------
Transformation Parameters

Patient number: 003
From: ct
To: mr_T2_rectified

Point      x          y          z        new_x       new_y       new_z

1 0.000000 0.000000 0.000000 0.230939 -31.323229 -36.279572
2 333.987030 0.000000 0.000000 334.217836 -31.438698 -36.004367
3 0.000000 333.987030 0.000000 0.346499 302.663762 -36.389787
4 333.987030 333.987030 0.000000 334.333396 302.548294 -36.114582
5 0.000000 0.000000 132.000000 0.122186 -31.279632 95.720376
6 333.987030 0.000000 132.000000 334.109083 -31.395100 95.995581
7 0.000000 333.987030 132.000000 0.237746 302.707360 95.610161
8 333.987030 333.987030 132.000000 334.224643 302.591891 95.885366

(All distances are in millimeters.)
----------------------------------------------------------------------
