----------------------------------------------------------------------
Transformation Parameters

Patient number: 001
From: ct
To: mr_T1

Point      x          y          z        new_x       new_y       new_z

1 0.000000 0.000000 0.000000 0.277086 -22.950758 -5.463972
2 333.987030 0.000000 0.000000 334.263873 -23.089640 -5.842045
3 0.000000 333.987030 0.000000 0.416024 311.036239 -5.413874
4 333.987030 333.987030 0.000000 334.402811 310.897357 -5.791947
5 0.000000 0.000000 108.000000 0.399335 -22.967009 102.535957
6 333.987030 0.000000 108.000000 334.386122 -23.105891 102.157884
7 0.000000 333.987030 108.000000 0.538273 311.019988 102.586055
8 333.987030 333.987030 108.000000 334.525061 310.881106 102.207982

(All distances are in millimeters.)
----------------------------------------------------------------------
