----------------------------------------------------------------------
Transformation Parameters

Patient number: 003
From: ct
To: mr_PD_rectified

Point      x          y          z        new_x       new_y       new_z

1 0.000000 0.000000 0.000000 -0.266559 -37.589254 -52.198004
2 333.987030 0.000000 0.000000 333.720417 -37.610451 -52.008967
3 0.000000 333.987030 0.000000 -0.245518 296.397662 -51.923467
4 333.987030 333.987030 0.000000 333.741458 296.376466 -51.734430
5 0.000000 0.000000 132.000000 -0.341278 -37.697754 79.801930
6 333.987030 0.000000 132.000000 333.645698 -37.718950 79.990967
7 0.000000 333.987030 132.000000 -0.320237 296.289163 80.076467
8 333.987030 333.987030 132.000000 333.666739 296.267966 80.265504

(All distances are in millimeters.)
----------------------------------------------------------------------
