----------------------------------------------------------------------
Transformation Parameters

Patient number: 006
From: ct
To: mr_T1

Point      x          y          z        new_x       new_y       new_z

1 0.000000 0.000000 0.000000 -8.326469 -29.565477 -24.959005
2 333.987030 0.000000 0.000000 325.660504 -29.761527 -24.960007
3 0.000000 333.987030 0.000000 -8.130418 304.421487 -24.883524
4 333.987030 333.987030 0.000000 325.856554 304.225437 -24.884526
5 0.000000 0.000000 116.000000 -8.326136 -29.591693 91.040992
6 333.987030 0.000000 116.000000 325.660836 -29.787743 91.039990
7 0.000000 333.987030 116.000000 -8.130086 304.395271 91.116473
8 333.987030 333.987030 116.000000 325.856887 304.199221 91.115471

(All distances are in millimeters.)
----------------------------------------------------------------------
