----------------------------------------------------------------------
Transformation Parameters

Patient number: 004
From: ct
To: mr_PD

Point      x          y          z        new_x       new_y       new_z

1 0.000000 0.000000 0.000000 -0.456691 -30.645738 -21.597984
2 333.987030 0.000000 0.000000 333.530158 -30.672542 -21.251306
3 0.000000 333.987030 0.000000 -0.429972 303.341281 -21.516157
4 333.987030 333.987030 0.000000 333.556877 303.314477 -21.169479
5 0.000000 0.000000 104.000000 -0.564645 -30.671209 82.401957
6 333.987030 0.000000 104.000000 333.422204 -30.698013 82.748635
7 0.000000 333.987030 104.000000 -0.537926 303.315810 82.483784
8 333.987030 333.987030 104.000000 333.448923 303.289006 82.830462

(All distances are in millimeters.)
----------------------------------------------------------------------
