----------------------------------------------------------------------
Transformation Parameters

Patient number: 001
From: pet
To: mr_T2

Point      x          y          z        new_x       new_y       new_z

1 0.000000 0.000000 0.000000 5.151455 -14.408817 1.914506
2 329.021826 0.000000 0.000000 334.173259 -14.526277 1.910558
3 0.000000 329.021826 0.000000 5.268915 314.612979 1.988207
4 329.021826 329.021826 0.000000 334.290720 314.495519 1.984259
5 0.000000 0.000000 112.000000 5.152790 -14.433906 113.914503
6 329.021826 0.000000 112.000000 334.174594 -14.551366 113.910555
7 0.000000 329.021826 112.000000 5.270250 314.587891 113.988204
8 329.021826 329.021826 112.000000 334.292055 314.470431 113.984256

(All distances are in millimeters.)
----------------------------------------------------------------------
