----------------------------------------------------------------------
Transformation Parameters

Patient number: 007
From: pet
To: mr_T2_rectified

Point      x          y          z        new_x       new_y       new_z

1 0.000000 0.000000 0.000000 8.327992 -2.385110 4.635156
2 329.021826 0.000000 0.000000 337.349672 -2.493694 4.925024
3 0.000000 329.021826 0.000000 8.436569 326.636698 4.643381
4 329.021826 329.021826 0.000000 337.458249 326.528113 4.933250
5 0.000000 0.000000 112.000000 8.229319 -2.387878 116.635112
6 329.021826 0.000000 112.000000 337.250999 -2.496462 116.924981
7 0.000000 329.021826 112.000000 8.337896 326.633930 116.643338
8 329.021826 329.021826 112.000000 337.359576 326.525346 116.933206

(All distances are in millimeters.)
----------------------------------------------------------------------
