----------------------------------------------------------------------
Transformation Parameters

Patient number: 004
From: ct
To: mr_PD_rectified

Point      x          y          z        new_x       new_y       new_z

1 0.000000 0.000000 0.000000 0.810848 -32.965162 -16.306678
2 333.987030 0.000000 0.000000 334.797790 -32.933088 -16.547816
3 0.000000 333.987030 0.000000 0.778786 301.021867 -16.291314
4 333.987030 333.987030 0.000000 334.765727 301.053940 -16.532453
5 0.000000 0.000000 104.000000 0.885937 -32.969938 87.693295
6 333.987030 0.000000 104.000000 334.872878 -32.937865 87.452156
7 0.000000 333.987030 104.000000 0.853874 301.017090 87.708658
8 333.987030 333.987030 104.000000 334.840816 301.049164 87.467520

(All distances are in millimeters.)
----------------------------------------------------------------------
