----------------------------------------------------------------------
Transformation Parameters

Patient number: 007
From: pet
To: mr_T2

Point      x          y          z        new_x       new_y       new_z

1 0.000000 0.000000 0.000000 6.513739 -3.596020 -5.323382
2 329.021826 0.000000 0.000000 335.535523 -3.684920 -5.184535
3 0.000000 329.021826 0.000000 6.602575 325.425759 -5.172361
4 329.021826 329.021826 0.000000 335.624359 325.336859 -5.033514
5 0.000000 0.000000 112.000000 6.466461 -3.647415 106.676596
6 329.021826 0.000000 112.000000 335.488245 -3.736315 106.815443
7 0.000000 329.021826 112.000000 6.555297 325.374364 106.827617
8 329.021826 329.021826 112.000000 335.577081 325.285464 106.966464

(All distances are in millimeters.)
----------------------------------------------------------------------
