----------------------------------------------------------------------
Transformation Parameters

Patient number: 006
From: pet
To: mr_T2

Point      x          y          z        new_x       new_y       new_z

1 0.000000 0.000000 0.000000 4.405891 3.805021 -9.427879
2 329.021826 0.000000 0.000000 333.427612 3.912230 -9.188022
3 0.000000 329.021826 0.000000 4.298630 332.826822 -9.356481
4 329.021826 329.021826 0.000000 333.320351 332.934031 -9.116624
5 0.000000 0.000000 112.000000 4.324251 3.780691 102.572088
6 329.021826 0.000000 112.000000 333.345972 3.887900 102.811945
7 0.000000 329.021826 112.000000 4.216990 332.802491 102.643486
8 329.021826 329.021826 112.000000 333.238711 332.909700 102.883343

(All distances are in millimeters.)
----------------------------------------------------------------------
