----------------------------------------------------------------------
Transformation Parameters

Patient number: 002
From: ct
To: mr_T1_rectified

Point      x          y          z        new_x       new_y       new_z

1 0.000000 0.000000 0.000000 2.675089 -27.039716 -17.176569
2 333.987030 0.000000 0.000000 336.662079 -27.106249 -17.326863
3 0.000000 333.987030 0.000000 2.741553 306.947271 -17.330871
4 333.987030 333.987030 0.000000 336.728542 306.880738 -17.481165
5 0.000000 0.000000 112.000000 2.725500 -26.987982 94.823407
6 333.987030 0.000000 112.000000 336.712489 -27.054515 94.673113
7 0.000000 333.987030 112.000000 2.791963 306.999005 94.669105
8 333.987030 333.987030 112.000000 336.778953 306.932472 94.518811

(All distances are in millimeters.)
----------------------------------------------------------------------
