----------------------------------------------------------------------
Transformation Parameters

Patient number: 005
From: ct
To: mr_PD

Point      x          y          z        new_x       new_y       new_z

1 0.000000 0.000000 0.000000 -6.244164 -32.197328 -20.993156
2 333.987030 0.000000 0.000000 327.742796 -32.057417 -20.828166
3 0.000000 333.987030 0.000000 -6.384105 301.789667 -20.933706
4 333.987030 333.987030 0.000000 327.602855 301.929579 -20.768717
5 0.000000 0.000000 128.000000 -6.307387 -32.220139 107.006827
6 333.987030 0.000000 128.000000 327.679573 -32.080227 107.171816
7 0.000000 333.987030 128.000000 -6.447327 301.766857 107.066276
8 333.987030 333.987030 128.000000 327.539632 301.906768 107.231266

(All distances are in millimeters.)
----------------------------------------------------------------------
