----------------------------------------------------------------------
Transformation Parameters

Patient number: 009
From: pet
To: mr_T2

Point      x          y          z        new_x       new_y       new_z

1 0.000000 0.000000 0.000000 4.830482 -3.937680 -25.077076
2 329.021826 0.000000 0.000000 333.852232 -4.012570 -24.866173
3 0.000000 329.021826 0.000000 4.905499 325.084078 -25.274489
4 329.021826 329.021826 0.000000 333.927249 325.009188 -25.063586
5 0.000000 0.000000 112.000000 4.758705 -3.870464 86.922880
6 329.021826 0.000000 112.000000 333.780455 -3.945354 87.133783
7 0.000000 329.021826 112.000000 4.833722 325.151294 86.725467
8 329.021826 329.021826 112.000000 333.855472 325.076404 86.936370

(All distances are in millimeters.)
----------------------------------------------------------------------
