----------------------------------------------------------------------
Transformation Parameters

Patient number: 004
From: ct
To: mr_T1_rectified

Point      x          y          z        new_x       new_y       new_z

1 0.000000 0.000000 0.000000 1.823642 -32.253982 -16.420321
2 333.987030 0.000000 0.000000 335.810613 -32.291772 -16.616037
3 0.000000 333.987030 0.000000 1.861383 301.733035 -16.504820
4 333.987030 333.987030 0.000000 335.848353 301.695245 -16.700536
5 0.000000 0.000000 104.000000 1.884589 -32.227677 87.579658
6 333.987030 0.000000 104.000000 335.871560 -32.265467 87.383942
7 0.000000 333.987030 104.000000 1.922329 301.759340 87.495159
8 333.987030 333.987030 104.000000 335.909300 301.721550 87.299443

(All distances are in millimeters.)
----------------------------------------------------------------------
