----------------------------------------------------------------------
Transformation Parameters

Patient number: 007
From: ct
To: mr_T1

Point      x          y          z        new_x       new_y       new_z

1 0.000000 0.000000 0.000000 -5.862089 -21.881162 -8.873876
2 333.987030 0.000000 0.000000 328.124855 -22.100551 -8.971067
3 0.000000 333.987030 0.000000 -5.642660 312.105768 -8.736274
4 333.987030 333.987030 0.000000 328.344284 311.886378 -8.833464
5 0.000000 0.000000 108.000000 -5.830690 -21.925678 99.126110
6 333.987030 0.000000 108.000000 328.156254 -22.145068 99.028920
7 0.000000 333.987030 108.000000 -5.611261 312.061251 99.263713
8 333.987030 333.987030 108.000000 328.375683 311.841862 99.166522

(All distances are in millimeters.)
----------------------------------------------------------------------
