----------------------------------------------------------------------
Transformation Parameters

Patient number: 007
From: pet
To: mr_T1_rectified

Point      x          y          z        new_x       new_y       new_z

1 0.000000 0.000000 0.000000 8.693944 -3.417000 -1.653599
2 329.021826 0.000000 0.000000 337.715753 -3.360733 -1.562789
3 0.000000 329.021826 0.000000 8.637682 325.604821 -1.667747
4 329.021826 329.021826 0.000000 337.659490 325.661087 -1.576937
5 0.000000 0.000000 112.000000 8.663032 -3.412189 110.346397
6 329.021826 0.000000 112.000000 337.684840 -3.355923 110.437207
7 0.000000 329.021826 112.000000 8.606769 325.609631 110.332249
8 329.021826 329.021826 112.000000 337.628577 325.665898 110.423059

(All distances are in millimeters.)
----------------------------------------------------------------------
