----------------------------------------------------------------------
Transformation Parameters

Patient number: 005
From: ct
To: mr_PD_rectified

Point      x          y          z        new_x       new_y       new_z

1 0.000000 0.000000 0.000000 -5.872880 -33.636637 -17.569022
2 333.987030 0.000000 0.000000 328.114136 -33.556419 -17.620790
3 0.000000 333.987030 0.000000 -5.953037 300.350151 -17.174917
4 333.987030 333.987030 0.000000 328.033980 300.430369 -17.226685
5 0.000000 0.000000 128.000000 -5.853004 -33.787673 110.430887
6 333.987030 0.000000 128.000000 328.134013 -33.707455 110.379119
7 0.000000 333.987030 128.000000 -5.933160 300.199115 110.824992
8 333.987030 333.987030 128.000000 328.053856 300.279333 110.773224

(All distances are in millimeters.)
----------------------------------------------------------------------
