----------------------------------------------------------------------
Transformation Parameters

Patient number: 001
From: ct
To: mr_T2_rectified

Point      x          y          z        new_x       new_y       new_z

1 0.000000 0.000000 0.000000 2.779087 -22.420179 -0.918270
2 333.987030 0.000000 0.000000 336.766073 -22.550722 -0.807052
3 0.000000 333.987030 0.000000 2.909676 311.566796 -1.057542
4 333.987030 333.987030 0.000000 336.896662 311.436253 -0.946325
5 0.000000 0.000000 108.000000 2.743140 -22.375129 107.081715
6 333.987030 0.000000 108.000000 336.730126 -22.505672 107.192932
7 0.000000 333.987030 108.000000 2.873729 311.611846 106.942442
8 333.987030 333.987030 108.000000 336.860715 311.481304 107.053660

(All distances are in millimeters.)
----------------------------------------------------------------------
