----------------------------------------------------------------------
Transformation Parameters

Patient number: 004
From: ct
To: mr_T2

Point      x          y          z        new_x       new_y       new_z

1 0.000000 0.000000 0.000000 0.030238 -29.343144 -13.991953
2 333.987030 0.000000 0.000000 334.017167 -29.384405 -13.736119
3 0.000000 333.987030 0.000000 0.071318 304.643801 -13.756158
4 333.987030 333.987030 0.000000 334.058247 304.602540 -13.500324
5 0.000000 0.000000 104.000000 -0.049435 -29.416558 90.007990
6 333.987030 0.000000 104.000000 333.937494 -29.457819 90.263824
7 0.000000 333.987030 104.000000 -0.008355 304.570387 90.243785
8 333.987030 333.987030 104.000000 333.978574 304.529126 90.499619

(All distances are in millimeters.)
----------------------------------------------------------------------
