----------------------------------------------------------------------
Transformation Parameters

Patient number: 006
From: pet
To: mr_T2_rectified

Point      x          y          z        new_x       new_y       new_z

1 0.000000 0.000000 0.000000 7.238224 4.768158 -4.611279
2 329.021826 0.000000 0.000000 336.260005 4.806325 -4.779080
3 0.000000 329.021826 0.000000 7.200057 333.789982 -4.609963
4 329.021826 329.021826 0.000000 336.221838 333.828149 -4.777764
5 0.000000 0.000000 112.000000 7.295344 4.767717 107.388706
6 329.021826 0.000000 112.000000 336.317125 4.805884 107.220905
7 0.000000 329.021826 112.000000 7.257177 333.789540 107.390022
8 329.021826 329.021826 112.000000 336.278958 333.827708 107.222221

(All distances are in millimeters.)
----------------------------------------------------------------------
