----------------------------------------------------------------------
Transformation Parameters

Patient number: 001
From: pet
To: mr_T1

Point      x          y          z        new_x       new_y       new_z

1 0.000000 0.000000 0.000000 5.472491 -13.837403 1.078871
2 329.021826 0.000000 0.000000 334.494299 -13.942686 1.105193
3 0.000000 329.021826 0.000000 5.577778 315.184403 1.030834
4 329.021826 329.021826 0.000000 334.599586 315.079120 1.057156
5 0.000000 0.000000 112.000000 5.463536 -13.821048 113.078870
6 329.021826 0.000000 112.000000 334.485344 -13.926331 113.105192
7 0.000000 329.021826 112.000000 5.568823 315.200758 113.030833
8 329.021826 329.021826 112.000000 334.590631 315.095474 113.057155

(All distances are in millimeters.)
----------------------------------------------------------------------
