----------------------------------------------------------------------
Transformation Parameters

Patient number: 003
From: ct
To: mr_PD

Point      x          y          z        new_x       new_y       new_z

1 0.000000 0.000000 0.000000 -0.769684 -37.356179 -45.741765
2 333.987030 0.000000 0.000000 333.217338 -37.411206 -45.788857
3 0.000000 333.987030 0.000000 -0.714577 296.630361 -45.172318
4 333.987030 333.987030 0.000000 333.272446 296.575334 -45.219410
5 0.000000 0.000000 132.000000 -0.751110 -37.581242 86.258042
6 333.987030 0.000000 132.000000 333.235913 -37.636269 86.210950
7 0.000000 333.987030 132.000000 -0.696002 296.405298 86.827489
8 333.987030 333.987030 132.000000 333.291020 296.350271 86.780397

(All distances are in millimeters.)
----------------------------------------------------------------------
