----------------------------------------------------------------------
Transformation Parameters

Patient number: 007
From: ct
To: mr_T2

Point      x          y          z        new_x       new_y       new_z

1 0.000000 0.000000 0.000000 -5.833260 -21.321624 -9.551146
2 333.987030 0.000000 0.000000 328.153757 -21.269202 -9.471323
3 0.000000 333.987030 0.000000 -5.885696 312.665397 -9.488690
4 333.987030 333.987030 0.000000 328.101321 312.717818 -9.408867
5 0.000000 0.000000 108.000000 -5.859069 -21.341824 98.448849
6 333.987030 0.000000 108.000000 328.127948 -21.289403 98.528672
7 0.000000 333.987030 108.000000 -5.911505 312.645197 98.511305
8 333.987030 333.987030 108.000000 328.075512 312.697618 98.591128

(All distances are in millimeters.)
----------------------------------------------------------------------
