----------------------------------------------------------------------
Transformation Parameters

Patient number: 002
From: pet
To: mr_PD_rectified

Point      x          y          z        new_x       new_y       new_z

1 0.000000 0.000000 0.000000 6.674289 7.011809 -11.785282
2 329.021826 0.000000 0.000000 335.696053 6.991827 -11.585566
3 0.000000 329.021826 0.000000 6.694359 336.033602 -11.931039
4 329.021826 329.021826 0.000000 335.716124 336.013620 -11.731322
5 0.000000 0.000000 112.000000 6.606308 7.061429 100.214686
6 329.021826 0.000000 112.000000 335.628073 7.041448 100.414403
7 0.000000 329.021826 112.000000 6.626378 336.083222 100.068930
8 329.021826 329.021826 112.000000 335.648143 336.063240 100.268646

(All distances are in millimeters.)
----------------------------------------------------------------------
