----------------------------------------------------------------------
Transformation Parameters

Patient number: 006
From: pet
To: mr_PD

Point      x          y          z        new_x       new_y       new_z

1 0.000000 0.000000 0.000000 4.550327 2.146035 -4.320930
2 329.021826 0.000000 0.000000 333.571929 2.086971 -4.699634
3 0.000000 329.021826 0.000000 4.609551 331.167826 -4.182082
4 329.021826 329.021826 0.000000 333.631153 331.108762 -4.560786
5 0.000000 0.000000 112.000000 4.679230 2.098748 107.678986
6 329.021826 0.000000 112.000000 333.700833 2.039684 107.300282
7 0.000000 329.021826 112.000000 4.738454 331.120539 107.817834
8 329.021826 329.021826 112.000000 333.760057 331.061475 107.439130

(All distances are in millimeters.)
----------------------------------------------------------------------
