----------------------------------------------------------------------
Transformation Parameters

Patient number: 002
From: pet
To: mr_PD

Point      x          y          z        new_x       new_y       new_z

1 0.000000 0.000000 0.000000 4.421526 3.569786 -13.512816
2 329.021826 0.000000 0.000000 333.443222 3.679073 -13.242360
3 0.000000 329.021826 0.000000 4.312291 332.591588 -13.575330
4 329.021826 329.021826 0.000000 333.333987 332.700874 -13.304874
5 0.000000 0.000000 112.000000 4.329455 3.591035 98.487144
6 329.021826 0.000000 112.000000 333.351151 3.700322 98.757600
7 0.000000 329.021826 112.000000 4.220220 332.612837 98.424630
8 329.021826 329.021826 112.000000 333.241916 332.722124 98.695086

(All distances are in millimeters.)
----------------------------------------------------------------------
