----------------------------------------------------------------------
Transformation Parameters

Patient number: 001
From: pet
To: mr_T2_rectified

Point      x          y          z        new_x       new_y       new_z

1 0.000000 0.000000 0.000000 2.377393 -8.201141 15.155547
2 329.021826 0.000000 0.000000 331.204217 -19.520411 14.761411
3 0.000000 329.021826 0.000000 13.700798 320.598610 19.382374
4 329.021826 329.021826 0.000000 342.527622 309.279340 18.988238
5 0.000000 0.000000 112.000000 2.461968 -9.643730 127.146224
6 329.021826 0.000000 112.000000 331.288792 -20.963000 126.752088
7 0.000000 329.021826 112.000000 13.785372 319.156021 131.373051
8 329.021826 329.021826 112.000000 342.612197 307.836751 130.978915

(All distances are in millimeters.)
----------------------------------------------------------------------
