----------------------------------------------------------------------
Transformation Parameters

Patient number: 006
From: ct
To: mr_T2_rectified

Point      x          y          z        new_x       new_y       new_z

1 0.000000 0.000000 0.000000 -6.053497 -26.075981 47.062261
2 333.987030 0.000000 0.000000 327.925368 -27.734958 45.418384
3 0.000000 333.987030 0.000000 -4.394590 307.906928 47.043892
4 333.987030 333.987030 0.000000 329.584274 306.247951 45.400014
5 0.000000 0.000000 116.000000 -5.482522 -26.072437 163.060856
6 333.987030 0.000000 116.000000 328.496342 -27.731414 161.416978
7 0.000000 333.987030 116.000000 -3.823616 307.910472 163.042486
8 333.987030 333.987030 116.000000 330.155249 306.251495 161.398609

(All distances are in millimeters.)
----------------------------------------------------------------------
