----------------------------------------------------------------------
Transformation Parameters

Patient number: 001
From: ct
To: mr_T1_rectified

Point      x          y          z        new_x       new_y       new_z

1 0.000000 0.000000 0.000000 0.670823 -20.244637 15.622431
2 333.987030 0.000000 0.000000 334.639648 -23.293532 13.929853
3 0.000000 333.987030 0.000000 3.705278 313.716570 12.786915
4 333.987030 333.987030 0.000000 337.674103 310.667675 11.094337
5 0.000000 0.000000 108.000000 1.226473 -19.332751 123.617151
6 333.987030 0.000000 108.000000 335.195298 -22.381646 121.924573
7 0.000000 333.987030 108.000000 4.260928 314.628457 120.781635
8 333.987030 333.987030 108.000000 338.229753 311.579561 119.089057

(All distances are in millimeters.)
----------------------------------------------------------------------
