----------------------------------------------------------------------
Transformation Parameters

Patient number: 002
From: pet
To: mr_PD_rectified

Point      x          y          z        new_x       new_y       new_z

1 0.000000 0.000000 0.000000 -0.245936 -23.236919 60.055271
2 83.006561 0.000000 0.000000 82.699553 -24.644378 57.199736
3 0.000000 83.006561 0.000000 1.219258 59.740077 61.716786
4 83.006561 83.006561 0.000000 84.164747 58.332617 58.861251
5 0.000000 0.000000 56.000000 1.660845 -24.391033 116.010898
6 83.006561 0.000000 56.000000 84.606334 -25.798492 113.155364
7 0.000000 83.006561 56.000000 3.126039 58.585963 117.672413
8 83.006561 83.006561 56.000000 86.071528 57.178504 114.816878

(All distances are in millimeters.)
----------------------------------------------------------------------
