----------------------------------------------------------------------
Transformation Parameters

Patient number: 005
From: ct
To: mr_T2

Point      x          y          z        new_x       new_y       new_z

1 0.000000 0.000000 0.000000 -9.835838 -27.314882 24.267216
2 333.987030 0.000000 0.000000 324.079006 -32.758156 28.578149
3 0.000000 333.987030 0.000000 -4.119708 305.896205 2.243738
4 333.987030 333.987030 0.000000 329.795136 300.452931 6.554670
5 0.000000 0.000000 128.000000 -11.346596 -18.847967 151.977940
6 333.987030 0.000000 128.000000 322.568248 -24.291241 156.288872
7 0.000000 333.987030 128.000000 -5.630466 314.363120 129.954461
8 333.987030 333.987030 128.000000 328.284378 308.919846 134.265394

(All distances are in millimeters.)
----------------------------------------------------------------------
