----------------------------------------------------------------------
Transformation Parameters

Patient number: 006
From: pet
To: mr_T2

Point      x          y          z        new_x       new_y       new_z

1 0.000000 0.000000 0.000000 17.191396 -10.733196 97.214394
2 329.021826 0.000000 0.000000 344.202012 -1.776533 62.012160
3 0.000000 329.021826 0.000000 4.402039 316.101593 61.565902
4 329.021826 329.021826 0.000000 331.412655 325.058256 26.363668
5 0.000000 0.000000 112.000000 28.764353 1.793266 207.908362
6 329.021826 0.000000 112.000000 355.774969 10.749929 172.706128
7 0.000000 329.021826 112.000000 15.974996 328.628055 172.259870
8 329.021826 329.021826 112.000000 342.985611 337.584718 137.057636

(All distances are in millimeters.)
----------------------------------------------------------------------
