----------------------------------------------------------------------
Transformation Parameters

Patient number: 005
From: pet
To: mr_T1

Point      x          y          z        new_x       new_y       new_z

1 0.000000 0.000000 0.000000 49.805401 39.931793 78.381930
2 246.766339 0.000000 0.000000 295.815383 29.250260 62.300268
3 0.000000 246.766339 0.000000 60.196652 286.433160 73.614948
4 246.766339 246.766339 0.000000 306.206634 275.751627 57.533286
5 0.000000 0.000000 112.000000 57.190211 41.781396 190.122896
6 246.766339 0.000000 112.000000 303.200193 31.099863 174.041234
7 0.000000 246.766339 112.000000 67.581462 288.282763 185.355914
8 246.766339 246.766339 112.000000 313.591444 277.601230 169.274252

(All distances are in millimeters.)
----------------------------------------------------------------------
