----------------------------------------------------------------------
Transformation Parameters

Patient number: 001
From: ct
To: mr_PD

Point      x          y          z        new_x       new_y       new_z

1 0.000000 0.000000 0.000000 -4.965994 -10.794569 2.566643
2 333.987030 0.000000 0.000000 328.593080 -26.318169 -4.119025
3 0.000000 333.987030 0.000000 10.730872 322.707949 11.342478
4 333.987030 333.987030 0.000000 344.289946 307.184349 4.656810
5 0.000000 0.000000 108.000000 -2.939114 -13.730345 110.507706
6 333.987030 0.000000 108.000000 330.619960 -29.253945 103.822038
7 0.000000 333.987030 108.000000 12.757752 319.772173 119.283541
8 333.987030 333.987030 108.000000 346.316826 304.248573 112.597873

(All distances are in millimeters.)
----------------------------------------------------------------------
