----------------------------------------------------------------------
Transformation Parameters

Patient number: 005
From: pet
To: mr_PD

Point      x          y          z        new_x       new_y       new_z

1 0.000000 0.000000 0.000000 -7.103803 -24.688927 -18.640315
2 83.006561 0.000000 0.000000 75.902223 -24.956465 -18.772293
3 0.000000 83.006561 0.000000 -6.841174 58.263717 -21.620108
4 83.006561 83.006561 0.000000 76.164852 57.996178 -21.752086
5 0.000000 0.000000 56.000000 -7.008342 -22.678917 37.323520
6 83.006561 0.000000 56.000000 75.997683 -22.946456 37.191541
7 0.000000 83.006561 56.000000 -6.745714 60.273726 34.343726
8 83.006561 83.006561 56.000000 76.260312 60.006187 34.211748

(All distances are in millimeters.)
----------------------------------------------------------------------
