----------------------------------------------------------------------
Transformation Parameters

Patient number: 004
From: ct
To: mr_T2

Point      x          y          z        new_x       new_y       new_z

1 0.000000 0.000000 0.000000 -0.588825 -29.225030 -12.969408
2 333.987030 0.000000 0.000000 333.383005 -31.853429 -14.770589
3 0.000000 333.987030 0.000000 2.042961 304.751052 -12.347525
4 333.987030 333.987030 0.000000 336.014791 302.122653 -14.148705
5 0.000000 0.000000 104.000000 -0.029499 -29.423089 91.028899
6 333.987030 0.000000 104.000000 333.942331 -32.051487 89.227719
7 0.000000 333.987030 104.000000 2.602287 304.552993 91.650783
8 333.987030 333.987030 104.000000 336.574117 301.924594 89.849602

(All distances are in millimeters.)
----------------------------------------------------------------------
