----------------------------------------------------------------------
Transformation Parameters

Patient number: 002
From: ct
To: mr_T1

Point      x          y          z        new_x       new_y       new_z

1 0.000000 0.000000 0.000000 -2.145103 -20.964503 59.464616
2 333.987030 0.000000 0.000000 331.678887 -24.014239 49.485692
3 0.000000 333.987030 0.000000 1.076348 312.958101 65.178855
4 333.987030 333.987030 0.000000 334.900338 309.908365 55.199932
5 0.000000 0.000000 112.000000 1.183110 -22.912071 171.398212
6 333.987030 0.000000 112.000000 335.007100 -25.961807 161.419289
7 0.000000 333.987030 112.000000 4.404561 311.010533 177.112452
8 333.987030 333.987030 112.000000 338.228551 307.960797 167.133528

(All distances are in millimeters.)
----------------------------------------------------------------------
