----------------------------------------------------------------------
Transformation Parameters

Patient number: 005
From: ct
To: mr_PD_rectified

Point      x          y          z        new_x       new_y       new_z

1 0.000000 0.000000 0.000000 -8.320207 -29.932560 29.157207
2 333.987030 0.000000 0.000000 325.619130 -34.822666 26.339030
3 0.000000 333.987030 0.000000 -3.556507 303.707346 14.698419
4 333.987030 333.987030 0.000000 330.382831 298.817240 11.880242
5 0.000000 0.000000 128.000000 -7.160135 -24.407448 157.032644
6 333.987030 0.000000 128.000000 326.779203 -29.297554 154.214467
7 0.000000 333.987030 128.000000 -2.396434 309.232458 142.573856
8 333.987030 333.987030 128.000000 331.542903 304.342352 139.755679

(All distances are in millimeters.)
----------------------------------------------------------------------
