----------------------------------------------------------------------
Transformation Parameters

Patient number: 007
From: ct
To: mr_PD

Point      x          y          z        new_x       new_y       new_z

1 0.000000 0.000000 0.000000 17.063181 -9.906631 95.991009
2 1323.859472 0.000000 0.000000 1336.233754 34.964823 -5.888603
3 0.000000 1323.859472 0.000000 -35.905188 1308.712152 -9.093523
4 1323.859472 1323.859472 0.000000 1283.265384 1353.583606 -110.973135
5 0.000000 0.000000 216.000000 33.038848 7.843242 310.666857
6 1323.859472 0.000000 216.000000 1352.209420 52.714696 208.787245
7 0.000000 1323.859472 216.000000 -19.929521 1326.462025 205.582326
8 1323.859472 1323.859472 216.000000 1299.241051 1371.333479 103.702714

(All distances are in millimeters.)
----------------------------------------------------------------------
