----------------------------------------------------------------------
Transformation Parameters

Patient number: 009
From: pet
To: mr_T1

Point      x          y          z        new_x       new_y       new_z

1 0.000000 0.000000 0.000000 2.574093 8.622278 22.334527
2 329.021826 0.000000 0.000000 331.531126 2.320667 20.625275
3 0.000000 329.021826 0.000000 8.881350 337.581880 23.411742
4 329.021826 329.021826 0.000000 337.838384 331.280269 21.702491
5 0.000000 0.000000 112.000000 3.148794 8.244509 134.332415
6 329.021826 0.000000 112.000000 332.105828 1.942898 132.623164
7 0.000000 329.021826 112.000000 9.456051 337.204111 135.409631
8 329.021826 329.021826 112.000000 338.413085 330.902500 133.700379

(All distances are in millimeters.)
----------------------------------------------------------------------
