----------------------------------------------------------------------
Transformation Parameters

Patient number: 003
From: ct
To: mr_PD

Point      x          y          z        new_x       new_y       new_z

1 0.000000 0.000000 0.000000 8.416718 -3.099458 31.843991
2 1323.859472 0.000000 0.000000 1332.258863 -6.206989 25.825766
3 0.000000 1323.859472 0.000000 11.539689 1320.751986 35.235715
4 1323.859472 1323.859472 0.000000 1335.381835 1317.644455 29.217490
5 0.000000 0.000000 264.000000 9.615259 -3.778648 295.840396
6 1323.859472 0.000000 264.000000 1333.457404 -6.886178 289.822171
7 0.000000 1323.859472 264.000000 12.738230 1320.072796 299.232120
8 1323.859472 1323.859472 264.000000 1336.580376 1316.965266 293.213896

(All distances are in millimeters.)
----------------------------------------------------------------------
