----------------------------------------------------------------------
Transformation Parameters

Patient number: 008
From: pet
To: mr_T1

Point      x          y          z        new_x       new_y       new_z

1 0.000000 0.000000 0.000000 9.269692 -3.496671 7.684421
2 329.021826 0.000000 0.000000 338.286559 -1.837495 6.969787
3 0.000000 329.021826 0.000000 7.611761 325.520478 8.257905
4 329.021826 329.021826 0.000000 336.628627 327.179654 7.543272
5 0.000000 0.000000 112.000000 9.513937 -3.690658 119.683986
6 329.021826 0.000000 112.000000 338.530803 -2.031482 118.969353
7 0.000000 329.021826 112.000000 7.856005 325.326491 120.257471
8 329.021826 329.021826 112.000000 336.872872 326.985667 119.542837

(All distances are in millimeters.)
----------------------------------------------------------------------
