----------------------------------------------------------------------
Transformation Parameters

Patient number: 003
From: ct
To: mr_T2

Point      x          y          z        new_x       new_y       new_z

1 0.000000 0.000000 0.000000 0.389827 -32.704821 -8.470517
2 333.987030 0.000000 0.000000 334.364092 -30.461051 -10.339155
3 0.000000 333.987030 0.000000 -1.848193 301.273116 -7.438498
4 333.987030 333.987030 0.000000 332.126073 303.516886 -9.307137
5 0.000000 0.000000 132.000000 1.131080 -33.107736 123.526787
6 333.987030 0.000000 132.000000 335.105345 -30.863966 121.658148
7 0.000000 333.987030 132.000000 -1.106940 300.870201 124.558805
8 333.987030 333.987030 132.000000 332.867325 303.113971 122.690167

(All distances are in millimeters.)
----------------------------------------------------------------------
