----------------------------------------------------------------------
Transformation Parameters

Patient number: 002
From: ct
To: mr_PD_rectified

Point      x          y          z        new_x       new_y       new_z

1 0.000000 0.000000 0.000000 2.377393 -8.201141 15.155547
2 1323.859472 0.000000 0.000000 1325.452254 -53.745607 13.569694
3 0.000000 1323.859472 0.000000 47.938494 1314.764787 32.162701
4 1323.859472 1323.859472 0.000000 1371.013356 1269.220320 30.576849
5 0.000000 0.000000 224.000000 2.546542 -11.086319 239.136901
6 1323.859472 0.000000 224.000000 1325.621404 -56.630785 237.551049
7 0.000000 1323.859472 224.000000 48.107644 1311.879608 256.144056
8 1323.859472 1323.859472 224.000000 1371.182505 1266.335142 254.558203

(All distances are in millimeters.)
----------------------------------------------------------------------
