----------------------------------------------------------------------
Transformation Parameters

Patient number: 005
From: pet
To: mr_T2_rectified

Point      x          y          z        new_x       new_y       new_z

1 0.000000 0.000000 0.000000 55.037419 24.055090 -7.853901
2 246.766339 0.000000 0.000000 300.529804 24.818164 17.176729
3 0.000000 246.766339 0.000000 53.961109 270.800430 -4.819986
4 246.766339 246.766339 0.000000 299.453494 271.563505 20.210644
5 0.000000 0.000000 112.000000 43.681975 22.635642 103.559918
6 246.766339 0.000000 112.000000 289.174361 23.398717 128.590548
7 0.000000 246.766339 112.000000 42.605665 269.380983 106.593833
8 246.766339 246.766339 112.000000 288.098051 270.144057 131.624463

(All distances are in millimeters.)
----------------------------------------------------------------------
