----------------------------------------------------------------------
Transformation Parameters

Patient number: 001
From: pet
To: mr_T2

Point      x          y          z        new_x       new_y       new_z

1 0.000000 0.000000 0.000000 -4.210303 -1.571078 -12.183417
2 329.021826 0.000000 0.000000 324.279824 -17.364861 -22.191142
3 0.000000 329.021826 0.000000 12.968672 322.888697 39.644167
4 329.021826 329.021826 0.000000 341.458799 307.094914 29.636442
5 0.000000 0.000000 112.000000 -1.697747 -19.362701 98.365872
6 329.021826 0.000000 112.000000 326.792380 -35.156484 88.358147
7 0.000000 329.021826 112.000000 15.481228 305.097075 150.193456
8 329.021826 329.021826 112.000000 343.971355 289.303292 140.185731

(All distances are in millimeters.)
----------------------------------------------------------------------
