----------------------------------------------------------------------
Transformation Parameters

Patient number: 001
From: ct
To: mr_T1

Point      x          y          z        new_x       new_y       new_z

1 0.000000 0.000000 0.000000 -4.523277 -11.645008 6.137356
2 333.987030 0.000000 0.000000 329.120060 -26.763872 5.199523
3 0.000000 333.987030 0.000000 10.597138 321.999142 6.676077
4 333.987030 333.987030 0.000000 344.240475 306.880278 5.738244
5 0.000000 0.000000 108.000000 -4.228211 -11.832762 114.136790
6 333.987030 0.000000 108.000000 329.415126 -26.951626 113.198957
7 0.000000 333.987030 108.000000 10.892204 321.811388 114.675511
8 333.987030 333.987030 108.000000 344.535541 306.692524 113.737678

(All distances are in millimeters.)
----------------------------------------------------------------------
