----------------------------------------------------------------------
Transformation Parameters

Patient number: 005
From: ct
To: mr_T2_rectified

Point      x          y          z        new_x       new_y       new_z

1 0.000000 0.000000 0.000000 -7.103803 -24.688927 -18.640315
2 333.987030 0.000000 0.000000 326.881070 -25.765402 -19.171345
3 0.000000 333.987030 0.000000 -6.047083 309.081159 -30.629876
4 333.987030 333.987030 0.000000 327.937790 308.004684 -31.160907
5 0.000000 0.000000 128.000000 -6.885608 -20.094620 109.277021
6 333.987030 0.000000 128.000000 327.099265 -21.171095 108.745990
7 0.000000 333.987030 128.000000 -5.828888 313.675466 97.287459
8 333.987030 333.987030 128.000000 328.155985 312.598991 96.756429

(All distances are in millimeters.)
----------------------------------------------------------------------
