----------------------------------------------------------------------
Transformation Parameters

Patient number: 006
From: pet
To: mr_PD

Point      x          y          z        new_x       new_y       new_z

1 0.000000 0.000000 0.000000 -6.053497 -26.075981 47.062261
2 83.006561 0.000000 0.000000 76.951035 -26.488291 46.653704
3 0.000000 83.006561 0.000000 -5.641205 56.929556 47.057696
4 83.006561 83.006561 0.000000 77.363327 56.517247 46.649139
5 0.000000 0.000000 56.000000 -5.777854 -26.074270 103.061583
6 83.006561 0.000000 56.000000 77.226678 -26.486580 102.653026
7 0.000000 83.006561 56.000000 -5.365562 56.931267 103.057017
8 83.006561 83.006561 56.000000 77.638970 56.518957 102.648461

(All distances are in millimeters.)
----------------------------------------------------------------------
