----------------------------------------------------------------------
Transformation Parameters

Patient number: 001
From: ct
To: mr_PD_rectified

Point      x          y          z        new_x       new_y       new_z

1 0.000000 0.000000 0.000000 -0.035084 -18.110752 16.225008
2 333.987030 0.000000 0.000000 333.879486 -24.342982 13.133821
3 0.000000 333.987030 0.000000 6.166392 315.802206 12.906233
4 333.987030 333.987030 0.000000 340.080962 309.569977 9.815046
5 0.000000 0.000000 108.000000 0.984304 -17.056367 124.215050
6 333.987030 0.000000 108.000000 334.898874 -23.288596 121.123863
7 0.000000 333.987030 108.000000 7.185780 316.856592 120.896275
8 333.987030 333.987030 108.000000 341.100350 310.624362 117.805088

(All distances are in millimeters.)
----------------------------------------------------------------------
