----------------------------------------------------------------------
Transformation Parameters

Patient number: 001
From: ct
To: mr_T2

Point      x          y          z        new_x       new_y       new_z

1 0.000000 0.000000 0.000000 -3.924202 -9.689891 -16.913978
2 333.987030 0.000000 0.000000 329.958583 -18.021168 -17.374672
3 0.000000 333.987030 0.000000 4.417161 324.042028 -6.875840
4 333.987030 333.987030 0.000000 338.299946 315.710751 -7.336534
5 0.000000 0.000000 108.000000 -3.856314 -12.938589 91.037128
6 333.987030 0.000000 108.000000 330.026471 -21.269866 90.576434
7 0.000000 333.987030 108.000000 4.485049 320.793330 101.075266
8 333.987030 333.987030 108.000000 338.367834 312.462053 100.614572

(All distances are in millimeters.)
----------------------------------------------------------------------
