----------------------------------------------------------------------
Transformation Parameters

Patient number: 004
From: ct
To: mr_T1

Point      x          y          z        new_x       new_y       new_z

1 0.000000 0.000000 0.000000 -0.727254 -24.357445 -26.346394
2 333.987030 0.000000 0.000000 333.226466 -28.023500 -23.378379
3 0.000000 333.987030 0.000000 2.961781 309.599230 -28.928422
4 333.987030 333.987030 0.000000 336.915501 305.933175 -25.960407
5 0.000000 0.000000 104.000000 -1.642553 -23.543301 77.646391
6 333.987030 0.000000 104.000000 332.311167 -27.209356 80.614406
7 0.000000 333.987030 104.000000 2.046482 310.413374 75.064363
8 333.987030 333.987030 104.000000 336.000202 306.747319 78.032378

(All distances are in millimeters.)
----------------------------------------------------------------------
