----------------------------------------------------------------------
Transformation Parameters

Patient number: 007
From: ct
To: mr_T2

Point      x          y          z        new_x       new_y       new_z

1 0.000000 0.000000 0.000000 -6.773874 -21.852397 19.778423
2 333.987030 0.000000 0.000000 327.168605 -21.183935 14.364566
3 0.000000 333.987030 0.000000 -7.301061 312.020736 28.484144
4 333.987030 333.987030 0.000000 326.641419 312.689197 23.070288
5 0.000000 0.000000 108.000000 -5.018181 -24.664391 127.727532
6 333.987030 0.000000 108.000000 328.924299 -23.995930 122.313676
7 0.000000 333.987030 108.000000 -5.545367 309.208741 136.433254
8 333.987030 333.987030 108.000000 328.397112 309.877203 131.019397

(All distances are in millimeters.)
----------------------------------------------------------------------
