----------------------------------------------------------------------
Transformation Parameters

Patient number: 001
From: pet
To: mr_T1_rectified

Point      x          y          z        new_x       new_y       new_z

1 0.000000 0.000000 0.000000 3.015427 -3.916843 41.936179
2 329.021826 0.000000 0.000000 331.848836 -15.049890 42.014485
3 0.000000 329.021826 0.000000 14.148663 324.914991 40.917529
4 329.021826 329.021826 0.000000 342.982072 313.781944 40.995835
5 0.000000 0.000000 112.000000 3.000520 -3.569389 153.935639
6 329.021826 0.000000 112.000000 331.833929 -14.702435 154.013945
7 0.000000 329.021826 112.000000 14.133755 325.262446 152.916989
8 329.021826 329.021826 112.000000 342.967165 314.129399 152.995295

(All distances are in millimeters.)
----------------------------------------------------------------------
