----------------------------------------------------------------------
Transformation Parameters

Patient number: 009
From: pet
To: mr_T2

Point      x          y          z        new_x       new_y       new_z

1 0.000000 0.000000 0.000000 4.182722 -6.549081 -12.130675
2 329.021826 0.000000 0.000000 332.425049 -1.932616 -34.289754
3 0.000000 329.021826 0.000000 0.538804 322.132975 2.367253
4 329.021826 329.021826 0.000000 328.781131 326.749439 -19.791826
5 0.000000 0.000000 112.000000 11.787193 -11.388988 99.506000
6 329.021826 0.000000 112.000000 340.029520 -6.772523 77.346921
7 0.000000 329.021826 112.000000 8.143274 317.293068 114.003928
8 329.021826 329.021826 112.000000 336.385602 321.909533 91.844849

(All distances are in millimeters.)
----------------------------------------------------------------------
