----------------------------------------------------------------------
Transformation Parameters

Patient number: 001
From: ct
To: mr_T2_rectified

Point      x          y          z        new_x       new_y       new_z

1 0.000000 0.000000 0.000000 0.575259 -16.833107 -15.048498
2 333.987030 0.000000 0.000000 334.560471 -15.852170 -14.546288
3 0.000000 333.987030 0.000000 -0.415804 317.081775 -8.177867
4 333.987030 333.987030 0.000000 333.569408 318.062712 -7.675657
5 0.000000 0.000000 108.000000 0.419422 -19.055304 92.928525
6 333.987030 0.000000 108.000000 334.404634 -18.074367 93.430735
7 0.000000 333.987030 108.000000 -0.571641 314.859578 99.799156
8 333.987030 333.987030 108.000000 333.413571 315.840515 100.301366

(All distances are in millimeters.)
----------------------------------------------------------------------
