----------------------------------------------------------------------
Transformation Parameters

Patient number: 007
From: pet
To: mr_T1_rectified

Point      x          y          z        new_x       new_y       new_z

1 0.000000 0.000000 0.000000 10.790529 7.432011 85.170557
2 329.021826 0.000000 0.000000 339.747107 6.754844 78.653451
3 0.000000 329.021826 0.000000 10.963079 335.473769 59.794639
4 329.021826 329.021826 0.000000 339.919657 334.796602 53.277533
5 0.000000 0.000000 112.000000 13.020141 16.067172 196.814915
6 329.021826 0.000000 112.000000 341.976719 15.390005 190.297809
7 0.000000 329.021826 112.000000 13.192691 344.108930 171.438997
8 329.021826 329.021826 112.000000 342.149269 343.431763 164.921891

(All distances are in millimeters.)
----------------------------------------------------------------------
