----------------------------------------------------------------------
Transformation Parameters

Patient number: 006
From: pet
To: mr_T1

Point      x          y          z        new_x       new_y       new_z

1 0.000000 0.000000 0.000000 4.974652 2.437946 37.947384
2 329.021826 0.000000 0.000000 333.943501 1.429100 32.130146
3 0.000000 329.021826 0.000000 5.882284 331.408725 32.223351
4 329.021826 329.021826 0.000000 334.851134 330.399879 26.406113
5 0.000000 0.000000 112.000000 6.960524 4.380647 149.912925
6 329.021826 0.000000 112.000000 335.929373 3.371801 144.095687
7 0.000000 329.021826 112.000000 7.868157 333.351426 144.188892
8 329.021826 329.021826 112.000000 336.837006 332.342580 138.371654

(All distances are in millimeters.)
----------------------------------------------------------------------
