----------------------------------------------------------------------
Transformation Parameters

Patient number: 005
From: pet
To: mr_PD_rectified

Point      x          y          z        new_x       new_y       new_z

1 0.000000 0.000000 0.000000 52.416664 31.188348 72.410403
2 246.766339 0.000000 0.000000 299.171872 29.145207 73.558838
3 0.000000 246.766339 0.000000 54.464781 277.943873 71.341661
4 246.766339 246.766339 0.000000 301.219990 275.900732 72.490097
5 0.000000 0.000000 112.000000 51.899461 31.677723 184.408139
6 246.766339 0.000000 112.000000 298.654670 29.634582 185.556575
7 0.000000 246.766339 112.000000 53.947579 278.433248 183.339398
8 246.766339 246.766339 112.000000 300.702787 276.390107 184.487833

(All distances are in millimeters.)
----------------------------------------------------------------------
