----------------------------------------------------------------------
Transformation Parameters

Patient number: 005
From: ct
To: mr_T1

Point      x          y          z        new_x       new_y       new_z

1 0.000000 0.000000 0.000000 -9.286460 -26.386593 34.249202
2 333.987030 0.000000 0.000000 324.584900 -35.154628 33.638603
3 0.000000 333.987030 0.000000 -0.540103 307.341963 24.446755
4 333.987030 333.987030 0.000000 333.331257 298.573928 23.836156
5 0.000000 0.000000 128.000000 -8.954005 -22.637250 162.193846
6 333.987030 0.000000 128.000000 324.917355 -31.405285 161.583247
7 0.000000 333.987030 128.000000 -0.207648 311.091306 152.391399
8 333.987030 333.987030 128.000000 333.663712 302.323272 151.780800

(All distances are in millimeters.)
----------------------------------------------------------------------
