----------------------------------------------------------------------
Transformation Parameters

Patient number: 007
From: ct
To: mr_T1

Point      x          y          z        new_x       new_y       new_z

1 0.000000 0.000000 0.000000 -5.890032 -19.025334 7.459130
2 333.987030 0.000000 0.000000 328.090661 -18.915672 9.513619
3 0.000000 333.987030 0.000000 -5.940443 314.822979 -2.165712
4 333.987030 333.987030 0.000000 328.040250 314.932641 -0.111222
5 0.000000 0.000000 108.000000 -6.555130 -15.913149 115.412230
6 333.987030 0.000000 108.000000 327.425563 -15.803487 117.466720
7 0.000000 333.987030 108.000000 -6.605541 317.935164 105.787389
8 333.987030 333.987030 108.000000 327.375152 318.044826 107.841878

(All distances are in millimeters.)
----------------------------------------------------------------------
