----------------------------------------------------------------------
Transformation Parameters

Patient number: 002
From: ct
To: mr_T2

Point      x          y          z        new_x       new_y       new_z

1 0.000000 0.000000 0.000000 -0.245936 -23.236919 60.055271
2 333.987030 0.000000 0.000000 333.495363 -28.900002 48.565679
3 0.000000 333.987030 0.000000 5.649451 310.631150 66.740577
4 333.987030 333.987030 0.000000 339.390751 304.968066 55.250985
5 0.000000 0.000000 112.000000 3.567625 -25.545146 171.966525
6 333.987030 0.000000 112.000000 337.308925 -31.208230 160.476933
7 0.000000 333.987030 112.000000 9.463013 308.322922 178.651831
8 333.987030 333.987030 112.000000 343.204312 302.659839 167.162239

(All distances are in millimeters.)
----------------------------------------------------------------------
