----------------------------------------------------------------------
Transformation Parameters

Patient number: 002
From: pet
To: mr_T2

Point      x          y          z        new_x       new_y       new_z

1 0.000000 0.000000 0.000000 2.311412 -2.983577 30.232537
2 329.021826 0.000000 0.000000 331.280794 -8.687616 28.828613
3 0.000000 329.021826 0.000000 8.020278 325.986786 31.359764
4 329.021826 329.021826 0.000000 336.989661 320.282747 29.955840
5 0.000000 0.000000 112.000000 2.782585 -3.375519 142.230860
6 329.021826 0.000000 112.000000 331.751967 -9.079558 140.826936
7 0.000000 329.021826 112.000000 8.491451 325.594844 143.358087
8 329.021826 329.021826 112.000000 337.460834 319.890805 141.954163

(All distances are in millimeters.)
----------------------------------------------------------------------
