----------------------------------------------------------------------
Transformation Parameters

Patient number: 002
From: ct
To: mr_T1

Point      x          y          z        new_x       new_y       new_z

1 0.000000 0.000000 0.000000 0.713495 -24.338207 -20.842306
2 333.987030 0.000000 0.000000 334.699471 -24.837353 -21.516625
3 0.000000 333.987030 0.000000 1.213139 309.648359 -20.595824
4 333.987030 333.987030 0.000000 335.199115 309.149213 -21.270143
5 0.000000 0.000000 112.000000 0.939499 -24.421201 91.157435
6 333.987030 0.000000 112.000000 334.925475 -24.920347 90.483116
7 0.000000 333.987030 112.000000 1.439143 309.565365 91.403917
8 333.987030 333.987030 112.000000 335.425119 309.066219 90.729598

(All distances are in millimeters.)
----------------------------------------------------------------------
