----------------------------------------------------------------------
Transformation Parameters

Patient number: 007
From: pet
To: mr_T1

Point      x          y          z        new_x       new_y       new_z

1 0.000000 0.000000 0.000000 27.684235 17.729304 -36.142653
2 329.021826 0.000000 0.000000 356.705241 18.398833 -35.840282
3 0.000000 329.021826 0.000000 27.014676 346.750447 -36.110080
4 329.021826 329.021826 0.000000 356.035682 347.419975 -35.807709
5 0.000000 0.000000 112.000000 27.581330 17.718006 75.857299
6 329.021826 0.000000 112.000000 356.602336 18.387535 76.159670
7 0.000000 329.021826 112.000000 26.911771 346.739149 75.889872
8 329.021826 329.021826 112.000000 355.932777 347.408678 76.192243

(All distances are in millimeters.)
----------------------------------------------------------------------
