----------------------------------------------------------------------
Transformation Parameters

Patient number: 007
From: ct
To: mr_T2

Point      x          y          z        new_x       new_y       new_z

1 0.000000 0.000000 0.000000 -6.481988 -30.716561 -17.436259
2 333.987030 0.000000 0.000000 327.504982 -30.850912 -17.584549
3 0.000000 333.987030 0.000000 -6.347725 303.270383 -17.633645
4 333.987030 333.987030 0.000000 327.639245 303.136033 -17.781936
5 0.000000 0.000000 108.000000 -6.434011 -30.652753 90.563712
6 333.987030 0.000000 108.000000 327.552960 -30.787103 90.415421
7 0.000000 333.987030 108.000000 -6.299748 303.334192 90.366325
8 333.987030 333.987030 108.000000 327.687222 303.199842 90.218035

(All distances are in millimeters.)
----------------------------------------------------------------------
