----------------------------------------------------------------------
Transformation Parameters

Patient number: 005
From: pet
To: mr_T2

Point      x          y          z        new_x       new_y       new_z

1 0.000000 0.000000 0.000000 43.718150 16.288627 -78.594140
2 246.766339 0.000000 0.000000 290.484162 15.964346 -78.831776
3 0.000000 246.766339 0.000000 44.042401 263.054751 -78.625233
4 246.766339 246.766339 0.000000 290.808413 262.730470 -78.862869
5 0.000000 0.000000 112.000000 43.826025 16.302597 33.405807
6 246.766339 0.000000 112.000000 290.592036 15.978316 33.168171
7 0.000000 246.766339 112.000000 44.150275 263.068721 33.374714
8 246.766339 246.766339 112.000000 290.916287 262.744440 33.137078

(All distances are in millimeters.)
----------------------------------------------------------------------
