----------------------------------------------------------------------
Transformation Parameters

Patient number: 002
From: ct
To: mr_T1_rectified

Point      x          y          z        new_x       new_y       new_z

1 0.000000 0.000000 0.000000 3.550103 -30.997124 -50.592800
2 333.987030 0.000000 0.000000 337.536953 -31.283843 -50.788851
3 0.000000 333.987030 0.000000 3.836664 302.989674 -50.862328
4 333.987030 333.987030 0.000000 337.823513 302.702955 -51.058378
5 0.000000 0.000000 112.000000 3.615925 -30.906797 61.407144
6 333.987030 0.000000 112.000000 337.602774 -31.193516 61.211094
7 0.000000 333.987030 112.000000 3.902485 303.080001 61.137617
8 333.987030 333.987030 112.000000 337.889335 302.793282 60.941566

(All distances are in millimeters.)
----------------------------------------------------------------------
