----------------------------------------------------------------------
Transformation Parameters

Patient number: 006
From: pet
To: mr_PD_rectified

Point      x          y          z        new_x       new_y       new_z

1 0.000000 0.000000 0.000000 -16.322027 38.235171 -39.474301
2 329.021826 0.000000 0.000000 312.699117 38.250389 -40.143531
3 0.000000 329.021826 0.000000 -16.337491 367.256974 -39.595052
4 329.021826 329.021826 0.000000 312.683653 367.272192 -40.264282
5 0.000000 0.000000 112.000000 -16.094222 38.276285 72.525460
6 329.021826 0.000000 112.000000 312.926923 38.291504 71.856230
7 0.000000 329.021826 112.000000 -16.109686 367.298089 72.404709
8 329.021826 329.021826 112.000000 312.911459 367.313307 71.735479

(All distances are in millimeters.)
----------------------------------------------------------------------
