----------------------------------------------------------------------
Transformation Parameters

Patient number: 005
From: ct
To: mr_T2

Point      x          y          z        new_x       new_y       new_z

1 0.000000 0.000000 0.000000 -7.351189 -37.866821 -5.177447
2 333.987030 0.000000 0.000000 326.635413 -38.375159 -5.012123
3 0.000000 333.987030 0.000000 -6.842528 296.119179 -5.832395
4 333.987030 333.987030 0.000000 327.144074 295.610841 -5.667072
5 0.000000 0.000000 128.000000 -7.414166 -37.615717 122.822292
6 333.987030 0.000000 128.000000 326.572436 -38.124055 122.987615
7 0.000000 333.987030 128.000000 -6.905505 296.370283 122.167343
8 333.987030 333.987030 128.000000 327.081097 295.861945 122.332667

(All distances are in millimeters.)
----------------------------------------------------------------------
