----------------------------------------------------------------------
Transformation Parameters

Patient number: 001
From: ct
To: mr_PD_rectified

Point      x          y          z        new_x       new_y       new_z

1 0.000000 0.000000 0.000000 3.649221 -24.109256 -0.699665
2 333.987030 0.000000 0.000000 337.635360 -24.216473 -1.463826
3 0.000000 333.987030 0.000000 3.755429 309.877466 -1.140527
4 333.987030 333.987030 0.000000 337.741568 309.770249 -1.904688
5 0.000000 0.000000 108.000000 3.896370 -23.966775 107.299958
6 333.987030 0.000000 108.000000 337.882509 -24.073992 106.535797
7 0.000000 333.987030 108.000000 4.002578 310.019947 106.859096
8 333.987030 333.987030 108.000000 337.988717 309.912730 106.094935

(All distances are in millimeters.)
----------------------------------------------------------------------
