----------------------------------------------------------------------
Transformation Parameters

Patient number: 001
From: pet
To: mr_T2

Point      x          y          z        new_x       new_y       new_z

1 0.000000 0.000000 0.000000 80.730350 76.364316 -49.384724
2 329.021826 0.000000 0.000000 409.747545 76.931180 -51.035749
3 0.000000 329.021826 0.000000 80.162459 405.385589 -49.588060
4 329.021826 329.021826 0.000000 409.179654 405.952453 -51.239084
5 0.000000 0.000000 112.000000 81.292244 76.434501 62.613844
6 329.021826 0.000000 112.000000 410.309439 77.001365 60.962820
7 0.000000 329.021826 112.000000 80.724352 405.455774 62.410509
8 329.021826 329.021826 112.000000 409.741547 406.022638 60.759484

(All distances are in millimeters.)
----------------------------------------------------------------------
