----------------------------------------------------------------------
Transformation Parameters

Patient number: 004
From: ct
To: mr_T1_rectified

Point      x          y          z        new_x       new_y       new_z

1 0.000000 0.000000 0.000000 1.415313 -31.468098 -39.147763
2 333.987030 0.000000 0.000000 335.400194 -32.340679 -39.968700
3 0.000000 333.987030 0.000000 2.286014 302.516921 -39.912927
4 333.987030 333.987030 0.000000 336.270895 301.644340 -40.733864
5 0.000000 0.000000 104.000000 1.671565 -31.230502 64.851650
6 333.987030 0.000000 104.000000 335.656446 -32.103083 64.030713
7 0.000000 333.987030 104.000000 2.542266 302.754517 64.086486
8 333.987030 333.987030 104.000000 336.527147 301.881936 63.265549

(All distances are in millimeters.)
----------------------------------------------------------------------
