----------------------------------------------------------------------
Transformation Parameters

Patient number: 005
From: ct
To: mr_PD_rectified

Point      x          y          z        new_x       new_y       new_z

1 0.000000 0.000000 0.000000 -6.947446 -36.635396 -13.204029
2 333.987030 0.000000 0.000000 327.039562 -36.569923 -13.305227
3 0.000000 333.987030 0.000000 -7.012907 297.351625 -13.163616
4 333.987030 333.987030 0.000000 326.974101 297.417099 -13.264814
5 0.000000 0.000000 128.000000 -6.908659 -36.650877 114.795964
6 333.987030 0.000000 128.000000 327.078349 -36.585403 114.694766
7 0.000000 333.987030 128.000000 -6.974120 297.336145 114.836377
8 333.987030 333.987030 128.000000 327.012888 297.401618 114.735179

(All distances are in millimeters.)
----------------------------------------------------------------------
