----------------------------------------------------------------------
Transformation Parameters

Patient number: 004
From: ct
To: mr_PD

Point      x          y          z        new_x       new_y       new_z

1 0.000000 0.000000 0.000000 -2.628719 -36.620684 -12.770275
2 333.987030 0.000000 0.000000 331.357607 -36.584437 -13.454946
3 0.000000 333.987030 0.000000 -2.666793 297.365154 -13.661685
4 333.987030 333.987030 0.000000 331.319533 297.401401 -14.346356
5 0.000000 0.000000 104.000000 -2.415551 -36.343085 91.229136
6 333.987030 0.000000 104.000000 331.570775 -36.306838 90.544465
7 0.000000 333.987030 104.000000 -2.453625 297.642753 90.337726
8 333.987030 333.987030 104.000000 331.532701 297.679000 89.653055

(All distances are in millimeters.)
----------------------------------------------------------------------
