----------------------------------------------------------------------
Transformation Parameters

Patient number: 003
From: ct
To: mr_PD_rectified

Point      x          y          z        new_x       new_y       new_z

1 0.000000 0.000000 0.000000 1.602077 -45.719843 -52.243719
2 333.987030 0.000000 0.000000 335.588705 -46.237815 -52.223011
3 0.000000 333.987030 0.000000 2.120090 288.266123 -52.909020
4 333.987030 333.987030 0.000000 336.106717 287.748151 -52.888313
5 0.000000 0.000000 132.000000 1.594301 -45.456887 79.756019
6 333.987030 0.000000 132.000000 335.580928 -45.974859 79.776726
7 0.000000 333.987030 132.000000 2.112313 288.529079 79.090717
8 333.987030 333.987030 132.000000 336.098941 288.011107 79.111425

(All distances are in millimeters.)
----------------------------------------------------------------------
