----------------------------------------------------------------------
Transformation Parameters

Patient number: 007
From: pet
To: mr_T2

Point      x          y          z        new_x       new_y       new_z

1 0.000000 0.000000 0.000000 13.667552 12.283526 -0.786193
2 329.021826 0.000000 0.000000 342.689302 12.500803 -0.730589
3 0.000000 329.021826 0.000000 13.450398 341.304490 -1.507409
4 329.021826 329.021826 0.000000 342.472148 341.521766 -1.451804
5 0.000000 0.000000 112.000000 13.648462 12.529018 111.213536
6 329.021826 0.000000 112.000000 342.670211 12.746294 111.269141
7 0.000000 329.021826 112.000000 13.431308 341.549981 110.492321
8 329.021826 329.021826 112.000000 342.453058 341.767257 110.547925

(All distances are in millimeters.)
----------------------------------------------------------------------
