----------------------------------------------------------------------
Transformation Parameters

Patient number: 004
From: ct
To: mr_T1

Point      x          y          z        new_x       new_y       new_z

1 0.000000 0.000000 0.000000 -2.746364 -33.903231 -51.509294
2 333.987030 0.000000 0.000000 331.240647 -33.820348 -51.430473
3 0.000000 333.987030 0.000000 -2.829193 300.083710 -51.739411
4 333.987030 333.987030 0.000000 331.157818 300.166593 -51.660590
5 0.000000 0.000000 104.000000 -2.770926 -33.831581 52.490678
6 333.987030 0.000000 104.000000 331.216085 -33.748698 52.569499
7 0.000000 333.987030 104.000000 -2.853754 300.155360 52.260561
8 333.987030 333.987030 104.000000 331.133256 300.238243 52.339382

(All distances are in millimeters.)
----------------------------------------------------------------------
