----------------------------------------------------------------------
Transformation Parameters

Patient number: 001
From: pet
To: mr_T1_rectified

Point      x          y          z        new_x       new_y       new_z

1 0.000000 0.000000 0.000000 36.970018 -57.031411 -52.568545
2 329.021826 0.000000 0.000000 365.991827 -57.097675 -52.487934
3 0.000000 329.021826 0.000000 37.036151 271.989977 -52.036188
4 329.021826 329.021826 0.000000 366.057960 271.923713 -51.955577
5 0.000000 0.000000 112.000000 36.942541 -57.212622 59.431305
6 329.021826 0.000000 112.000000 365.964351 -57.278885 59.511916
7 0.000000 329.021826 112.000000 37.008675 271.808767 59.963662
8 329.021826 329.021826 112.000000 366.030484 271.742503 60.044273

(All distances are in millimeters.)
----------------------------------------------------------------------
