----------------------------------------------------------------------
Transformation Parameters

Patient number: 002
From: pet
To: mr_T2

Point      x          y          z        new_x       new_y       new_z

1 0.000000 0.000000 0.000000 28.564385 54.148414 -48.116710
2 329.021826 0.000000 0.000000 357.584122 54.951041 -48.971178
3 0.000000 329.021826 0.000000 27.760586 383.168950 -48.567470
4 329.021826 329.021826 0.000000 356.780323 383.971576 -49.421937
5 0.000000 0.000000 112.000000 28.854873 54.302564 63.882807
6 329.021826 0.000000 112.000000 357.874610 55.105190 63.028340
7 0.000000 329.021826 112.000000 28.051074 383.323099 63.432048
8 329.021826 329.021826 112.000000 357.070811 384.125725 62.577580

(All distances are in millimeters.)
----------------------------------------------------------------------
