----------------------------------------------------------------------
Transformation Parameters

Patient number: 002
From: ct
To: mr_T2_rectified

Point      x          y          z        new_x       new_y       new_z

1 0.000000 0.000000 0.000000 5.245757 -35.606256 -29.678441
2 333.987030 0.000000 0.000000 339.232039 -36.063070 -30.217830
3 0.000000 333.987030 0.000000 5.702985 298.380363 -29.422607
4 333.987030 333.987030 0.000000 339.689267 297.923549 -29.961996
5 0.000000 0.000000 112.000000 5.426519 -35.692295 82.321380
6 333.987030 0.000000 112.000000 339.412801 -36.149109 81.781991
7 0.000000 333.987030 112.000000 5.883747 298.294324 82.577214
8 333.987030 333.987030 112.000000 339.870029 297.837510 82.037825

(All distances are in millimeters.)
----------------------------------------------------------------------
