----------------------------------------------------------------------
Transformation Parameters

Patient number: 004
From: ct
To: mr_T2_rectified

Point      x          y          z        new_x       new_y       new_z

1 0.000000 0.000000 0.000000 5.640504 -38.154086 -21.020786
2 333.987030 0.000000 0.000000 339.627284 -38.513492 -20.826740
3 0.000000 333.987030 0.000000 6.000208 295.832357 -21.533790
4 333.987030 333.987030 0.000000 339.986988 295.472951 -21.339744
5 0.000000 0.000000 104.000000 5.580252 -37.994277 82.979074
6 333.987030 0.000000 104.000000 339.567032 -38.353683 83.173120
7 0.000000 333.987030 104.000000 5.939956 295.992166 82.466070
8 333.987030 333.987030 104.000000 339.926736 295.632760 82.660116

(All distances are in millimeters.)
----------------------------------------------------------------------
