----------------------------------------------------------------------
Transformation Parameters

Patient number: 002
From: ct
To: mr_PD

Point      x          y          z        new_x       new_y       new_z

1 0.000000 0.000000 0.000000 3.746833 -35.610360 -25.572509
2 333.987030 0.000000 0.000000 337.733531 -35.574922 -25.103258
3 0.000000 333.987030 0.000000 3.712098 298.376292 -26.073489
4 333.987030 333.987030 0.000000 337.698797 298.411731 -25.604238
5 0.000000 0.000000 112.000000 3.589455 -35.442377 86.427254
6 333.987030 0.000000 112.000000 337.576154 -35.406938 86.896505
7 0.000000 333.987030 112.000000 3.554721 298.544276 85.926274
8 333.987030 333.987030 112.000000 337.541419 298.579714 86.395525

(All distances are in millimeters.)
----------------------------------------------------------------------
