----------------------------------------------------------------------
Transformation Parameters

Patient number: 005
From: pet
To: mr_PD

Point      x          y          z        new_x       new_y       new_z

1 0.000000 0.000000 0.000000 44.354794 19.744804 -64.622677
2 246.766339 0.000000 0.000000 291.119904 20.437507 -64.266597
3 0.000000 246.766339 0.000000 43.663858 266.507165 -65.841697
4 246.766339 246.766339 0.000000 290.428968 267.199868 -65.485618
5 0.000000 0.000000 112.000000 44.191630 20.297627 47.375840
6 246.766339 0.000000 112.000000 290.956739 20.990330 47.731919
7 0.000000 246.766339 112.000000 43.500693 267.059988 46.156819
8 246.766339 246.766339 112.000000 290.265803 267.752691 46.512899

(All distances are in millimeters.)
----------------------------------------------------------------------
