----------------------------------------------------------------------
Transformation Parameters

Patient number: 005
From: ct
To: mr_T1_rectified

Point      x          y          z        new_x       new_y       new_z

1 0.000000 0.000000 0.000000 -4.883699 -36.724550 -16.745223
2 333.987030 0.000000 0.000000 329.103169 -37.016374 -16.592591
3 0.000000 333.987030 0.000000 -4.591794 297.262305 -16.922236
4 333.987030 333.987030 0.000000 329.395073 296.970481 -16.769604
5 0.000000 0.000000 128.000000 -4.942135 -36.656659 111.254746
6 333.987030 0.000000 128.000000 329.044732 -36.948483 111.407378
7 0.000000 333.987030 128.000000 -4.650231 297.330196 111.077733
8 333.987030 333.987030 128.000000 329.336637 297.038372 111.230365

(All distances are in millimeters.)
----------------------------------------------------------------------
