----------------------------------------------------------------------
Transformation Parameters

Patient number: 005
From: ct
To: mr_PD

Point      x          y          z        new_x       new_y       new_z

1 0.000000 0.000000 0.000000 -6.381810 -36.074663 -5.583774
2 333.987030 0.000000 0.000000 327.604939 -35.961066 -5.165288
3 0.000000 333.987030 0.000000 -6.495032 297.912213 -5.883694
4 333.987030 333.987030 0.000000 327.491717 298.025810 -5.465208
5 0.000000 0.000000 128.000000 -6.542233 -35.959774 122.416074
6 333.987030 0.000000 128.000000 327.444516 -35.846177 122.834560
7 0.000000 333.987030 128.000000 -6.655454 298.027102 122.116154
8 333.987030 333.987030 128.000000 327.331294 298.140700 122.534640

(All distances are in millimeters.)
----------------------------------------------------------------------
