----------------------------------------------------------------------
Transformation Parameters

Patient number: 008
From: pet
To: mr_T1

Point      x          y          z        new_x       new_y       new_z

1 0.000000 0.000000 0.000000 33.037660 15.246326 -35.884352
2 329.021826 0.000000 0.000000 362.058414 14.937771 -35.102926
3 0.000000 329.021826 0.000000 33.346283 344.268006 -35.912319
4 329.021826 329.021826 0.000000 362.367036 343.959451 -35.130893
5 0.000000 0.000000 112.000000 32.771670 15.256095 76.115331
6 329.021826 0.000000 112.000000 361.792423 14.947540 76.896757
7 0.000000 329.021826 112.000000 33.080292 344.277775 76.087364
8 329.021826 329.021826 112.000000 362.101045 343.969220 76.868790

(All distances are in millimeters.)
----------------------------------------------------------------------
