----------------------------------------------------------------------
Transformation Parameters

Patient number: 003
From: ct
To: mr_T2

Point      x          y          z        new_x       new_y       new_z

1 0.000000 0.000000 0.000000 2.453223 -36.664182 -44.656108
2 333.987030 0.000000 0.000000 336.440251 -36.688223 -44.638407
3 0.000000 333.987030 0.000000 2.477270 297.322829 -44.765656
4 333.987030 333.987030 0.000000 336.464298 297.298788 -44.747955
5 0.000000 0.000000 132.000000 2.446230 -36.620886 87.343885
6 333.987030 0.000000 132.000000 336.433258 -36.644927 87.361586
7 0.000000 333.987030 132.000000 2.470277 297.366125 87.234337
8 333.987030 333.987030 132.000000 336.457305 297.342084 87.252038

(All distances are in millimeters.)
----------------------------------------------------------------------
