----------------------------------------------------------------------
Transformation Parameters

Patient number: 001
From: ct
To: mr_T1

Point      x          y          z        new_x       new_y       new_z

1 0.000000 0.000000 0.000000 -0.589423 -24.357703 -5.648514
2 333.987030 0.000000 0.000000 333.396988 -24.879328 -5.272444
3 0.000000 333.987030 0.000000 -0.068070 309.628832 -5.407041
4 333.987030 333.987030 0.000000 333.918341 309.107207 -5.030972
5 0.000000 0.000000 108.000000 -0.711153 -24.435597 102.351390
6 333.987030 0.000000 108.000000 333.275258 -24.957222 102.727459
7 0.000000 333.987030 108.000000 -0.189800 309.550938 102.592862
8 333.987030 333.987030 108.000000 333.796611 309.029313 102.968932

(All distances are in millimeters.)
----------------------------------------------------------------------
