----------------------------------------------------------------------
Transformation Parameters

Patient number: 006
From: ct
To: mr_T2_rectified

Point      x          y          z        new_x       new_y       new_z

1 0.000000 0.000000 0.000000 -8.815708 -38.185781 -24.932172
2 333.987030 0.000000 0.000000 325.170843 -38.520584 -25.387729
3 0.000000 333.987030 0.000000 -8.481388 295.800895 -25.285530
4 333.987030 333.987030 0.000000 325.505164 295.466092 -25.741088
5 0.000000 0.000000 116.000000 -8.657362 -38.063212 91.067656
6 333.987030 0.000000 116.000000 325.329190 -38.398014 90.612098
7 0.000000 333.987030 116.000000 -8.323041 295.923464 90.714297
8 333.987030 333.987030 116.000000 325.663511 295.588661 90.258740

(All distances are in millimeters.)
----------------------------------------------------------------------
