----------------------------------------------------------------------
Transformation Parameters

Patient number: 007
From: ct
To: mr_PD_rectified

Point      x          y          z        new_x       new_y       new_z

1 0.000000 0.000000 0.000000 -3.622649 -23.744246 -1.834542
2 333.987030 0.000000 0.000000 330.364368 -23.713724 -1.922381
3 0.000000 333.987030 0.000000 -3.653042 310.242424 -1.344917
4 333.987030 333.987030 0.000000 330.333975 310.272945 -1.432756
5 0.000000 0.000000 108.000000 -3.594231 -23.902571 106.165338
6 333.987030 0.000000 108.000000 330.392786 -23.872050 106.077499
7 0.000000 333.987030 108.000000 -3.624624 310.084098 106.654963
8 333.987030 333.987030 108.000000 330.362393 310.114620 106.567124

(All distances are in millimeters.)
----------------------------------------------------------------------
