----------------------------------------------------------------------
Transformation Parameters

Patient number: 002
From: ct
To: mr_PD_rectified

Point      x          y          z        new_x       new_y       new_z

1 0.000000 0.000000 0.000000 3.331188 -31.415513 -16.676202
2 333.987030 0.000000 0.000000 337.318149 -31.467990 -16.467460
3 0.000000 333.987030 0.000000 3.383624 302.571507 -16.610740
4 333.987030 333.987030 0.000000 337.370585 302.519030 -16.401998
5 0.000000 0.000000 112.000000 3.261185 -31.437454 95.323774
6 333.987030 0.000000 112.000000 337.248146 -31.489931 95.532516
7 0.000000 333.987030 112.000000 3.313621 302.549566 95.389236
8 333.987030 333.987030 112.000000 337.300582 302.497089 95.597978

(All distances are in millimeters.)
----------------------------------------------------------------------
