----------------------------------------------------------------------
Transformation Parameters

Patient number: 005
From: ct
To: mr_T1

Point      x          y          z        new_x       new_y       new_z

1 0.000000 0.000000 0.000000 -5.016753 -35.754570 -5.964004
2 333.987030 0.000000 0.000000 328.969666 -35.409639 -5.426285
3 0.000000 333.987030 0.000000 -5.362095 298.232184 -5.708838
4 333.987030 333.987030 0.000000 328.624324 298.577115 -5.171119
5 0.000000 0.000000 128.000000 -5.222732 -35.852575 122.035793
6 333.987030 0.000000 128.000000 328.763687 -35.507644 122.573512
7 0.000000 333.987030 128.000000 -5.568074 298.134179 122.290959
8 333.987030 333.987030 128.000000 328.418345 298.479110 122.828678

(All distances are in millimeters.)
----------------------------------------------------------------------
