----------------------------------------------------------------------
Transformation Parameters

Patient number: 006
From: ct
To: mr_T2

Point      x          y          z        new_x       new_y       new_z

1 0.000000 0.000000 0.000000 -11.422719 -46.230030 -52.934032
2 333.987030 0.000000 0.000000 322.564207 -46.033673 -53.110043
3 0.000000 333.987030 0.000000 -11.619437 287.756239 -53.619039
4 333.987030 333.987030 0.000000 322.367489 287.952597 -53.795050
5 0.000000 0.000000 116.000000 -11.361727 -45.992079 63.065708
6 333.987030 0.000000 116.000000 322.625199 -45.795721 62.889697
7 0.000000 333.987030 116.000000 -11.558445 287.994191 62.380701
8 333.987030 333.987030 116.000000 322.428481 288.190548 62.204690

(All distances are in millimeters.)
----------------------------------------------------------------------
