----------------------------------------------------------------------
Transformation Parameters

Patient number: 001
From: ct
To: mr_T2

Point      x          y          z        new_x       new_y       new_z

1 0.000000 0.000000 0.000000 4.519729 -25.101800 -13.992805
2 333.987030 0.000000 0.000000 338.506728 -25.090245 -14.134415
3 0.000000 333.987030 0.000000 4.508039 308.885079 -14.310092
4 333.987030 333.987030 0.000000 338.495039 308.896634 -14.451703
5 0.000000 0.000000 108.000000 4.565517 -24.999198 94.007137
6 333.987030 0.000000 108.000000 338.552517 -24.987643 93.865526
7 0.000000 333.987030 108.000000 4.553828 308.987681 93.689849
8 333.987030 333.987030 108.000000 338.540827 308.999236 93.548239

(All distances are in millimeters.)
----------------------------------------------------------------------
