----------------------------------------------------------------------
Transformation Parameters

Patient number: 001
From: ct
To: mr_T2_rectified

Point      x          y          z        new_x       new_y       new_z

1 0.000000 0.000000 0.000000 4.164961 -24.498461 1.227610
2 333.987030 0.000000 0.000000 338.150750 -25.337366 0.872916
3 0.000000 333.987030 0.000000 5.003602 309.487423 0.977453
4 333.987030 333.987030 0.000000 338.989390 308.648517 0.622759
5 0.000000 0.000000 108.000000 4.279860 -24.417857 109.227519
6 333.987030 0.000000 108.000000 338.265648 -25.256763 108.872825
7 0.000000 333.987030 108.000000 5.118500 309.568026 108.977362
8 333.987030 333.987030 108.000000 339.104289 308.729121 108.622668

(All distances are in millimeters.)
----------------------------------------------------------------------
