----------------------------------------------------------------------
Transformation Parameters

Patient number: 003
From: ct
To: mr_PD

Point      x          y          z        new_x       new_y       new_z

1 0.000000 0.000000 0.000000 -8.728847 -42.484250 -29.441805
2 333.987030 0.000000 0.000000 325.257952 -42.427898 -29.830231
3 0.000000 333.987030 0.000000 -8.785291 291.502766 -29.519958
4 333.987030 333.987030 0.000000 325.201508 291.559119 -29.908384
5 0.000000 0.000000 132.000000 -8.575336 -42.453337 102.558102
6 333.987030 0.000000 132.000000 325.411463 -42.396984 102.169676
7 0.000000 333.987030 132.000000 -8.631780 291.533680 102.479949
8 333.987030 333.987030 132.000000 325.355019 291.590032 102.091523

(All distances are in millimeters.)
----------------------------------------------------------------------
