----------------------------------------------------------------------
Transformation Parameters

Patient number: 003
From: ct
To: mr_T1_rectified

Point      x          y          z        new_x       new_y       new_z

1 0.000000 0.000000 0.000000 1.514549 -32.600011 -35.623991
2 333.987030 0.000000 0.000000 335.501093 -32.563395 -36.192770
3 0.000000 333.987030 0.000000 1.478144 301.386994 -35.499747
4 333.987030 333.987030 0.000000 335.464688 301.423610 -36.068527
5 0.000000 0.000000 132.000000 1.739350 -32.649090 96.375809
6 333.987030 0.000000 132.000000 335.725894 -32.612474 95.807029
7 0.000000 333.987030 132.000000 1.702945 301.337915 96.500052
8 333.987030 333.987030 132.000000 335.689489 301.374531 95.931273

(All distances are in millimeters.)
----------------------------------------------------------------------
