----------------------------------------------------------------------
Transformation Parameters

Patient number: 007
From: ct
To: mr_T1_rectified

Point      x          y          z        new_x       new_y       new_z

1 0.000000 0.000000 0.000000 -3.187592 -23.169561 -5.932948
2 333.987030 0.000000 0.000000 330.799200 -23.169777 -6.331728
3 0.000000 333.987030 0.000000 -3.186590 310.816821 -5.274994
4 333.987030 333.987030 0.000000 330.800202 310.816605 -5.673774
5 0.000000 0.000000 108.000000 -3.058640 -23.382321 102.066766
6 333.987030 0.000000 108.000000 330.928152 -23.382537 101.667986
7 0.000000 333.987030 108.000000 -3.057638 310.604061 102.724720
8 333.987030 333.987030 108.000000 330.929154 310.603845 102.325940

(All distances are in millimeters.)
----------------------------------------------------------------------
