----------------------------------------------------------------------
Transformation Parameters

Patient number: 006
From: ct
To: mr_T1

Point      x          y          z        new_x       new_y       new_z

1 0.000000 0.000000 0.000000 -6.961060 -40.721352 -1.911120
2 333.987030 0.000000 0.000000 327.025588 -40.307624 -2.200686
3 0.000000 333.987030 0.000000 -7.374201 293.264737 -1.234797
4 333.987030 333.987030 0.000000 326.612447 293.678465 -1.524363
5 0.000000 0.000000 116.000000 -6.860197 -40.956127 114.088599
6 333.987030 0.000000 116.000000 327.126451 -40.542399 113.799033
7 0.000000 333.987030 116.000000 -7.273338 293.029962 114.764922
8 333.987030 333.987030 116.000000 326.713310 293.443690 114.475356

(All distances are in millimeters.)
----------------------------------------------------------------------
