----------------------------------------------------------------------
Transformation Parameters

Patient number: 003
From: ct
To: mr_T1

Point      x          y          z        new_x       new_y       new_z

1 0.000000 0.000000 0.000000 -1.590167 -30.405388 -32.299816
2 333.987030 0.000000 0.000000 332.395880 -31.160334 -32.005298
3 0.000000 333.987030 0.000000 -0.829496 303.514334 -38.961413
4 333.987030 333.987030 0.000000 333.156551 302.759388 -38.666895
5 0.000000 0.000000 132.000000 -1.700593 -27.772302 99.673873
6 333.987030 0.000000 132.000000 332.285454 -28.527248 99.968391
7 0.000000 333.987030 132.000000 -0.939922 306.147420 93.012276
8 333.987030 333.987030 132.000000 333.046125 305.392474 93.306794

(All distances are in millimeters.)
----------------------------------------------------------------------
