----------------------------------------------------------------------
Transformation Parameters

Patient number: 002
From: ct
To: mr_T2

Point      x          y          z        new_x       new_y       new_z

1 0.000000 0.000000 0.000000 0.085317 -32.121665 -18.240275
2 333.987030 0.000000 0.000000 334.070167 -33.324789 -18.145088
3 0.000000 333.987030 0.000000 1.288335 301.862995 -17.872221
4 333.987030 333.987030 0.000000 335.273185 300.659872 -17.777035
5 0.000000 0.000000 112.000000 0.052953 -32.244974 93.759653
6 333.987030 0.000000 112.000000 334.037803 -33.448097 93.854839
7 0.000000 333.987030 112.000000 1.255971 301.739687 94.127706
8 333.987030 333.987030 112.000000 335.240821 300.536563 94.222893

(All distances are in millimeters.)
----------------------------------------------------------------------
