----------------------------------------------------------------------
Transformation Parameters

Patient number: 001
From: ct
To: mr_T1_rectified

Point      x          y          z        new_x       new_y       new_z

1 0.000000 0.000000 0.000000 1.164836 -21.947286 -3.813783
2 333.987030 0.000000 0.000000 335.144587 -24.089335 -4.336472
3 0.000000 333.987030 0.000000 3.306345 312.032699 -4.159794
4 333.987030 333.987030 0.000000 337.286097 309.890650 -4.682483
5 0.000000 0.000000 108.000000 1.334570 -21.836484 104.186027
6 333.987030 0.000000 108.000000 335.314321 -23.978533 103.663338
7 0.000000 333.987030 108.000000 3.476079 312.143501 103.840016
8 333.987030 333.987030 108.000000 337.455830 310.001452 103.317327

(All distances are in millimeters.)
----------------------------------------------------------------------
