----------------------------------------------------------------------
Transformation Parameters

Patient number: 004
From: ct
To: mr_T2_rectified

Point      x          y          z        new_x       new_y       new_z

1 0.000000 0.000000 0.000000 0.578970 -30.740482 -26.208536
2 333.987030 0.000000 0.000000 334.565662 -31.207467 -26.121031
3 0.000000 333.987030 0.000000 1.045884 303.246111 -25.936671
4 333.987030 333.987030 0.000000 335.032576 302.779126 -25.849166
5 0.000000 0.000000 104.000000 0.551604 -30.825100 77.791426
6 333.987030 0.000000 104.000000 334.538296 -31.292085 77.878931
7 0.000000 333.987030 104.000000 1.018518 303.161493 78.063291
8 333.987030 333.987030 104.000000 335.005210 302.694508 78.150796

(All distances are in millimeters.)
----------------------------------------------------------------------
