----------------------------------------------------------------------
Transformation Parameters

Patient number: 003
From: ct
To: mr_PD

Point      x          y          z        new_x       new_y       new_z

1 0.000000 0.000000 0.000000 0.055620 -39.621544 -39.303880
2 333.987030 0.000000 0.000000 334.016826 -38.225584 -35.392335
3 0.000000 333.987030 0.000000 -1.250592 294.275545 -46.943501
4 333.987030 333.987030 0.000000 332.710614 295.671505 -43.031956
5 0.000000 0.000000 132.000000 -1.502524 -36.608455 92.652528
6 333.987030 0.000000 132.000000 332.458682 -35.212495 96.564073
7 0.000000 333.987030 132.000000 -2.808736 297.288634 85.012907
8 333.987030 333.987030 132.000000 331.152470 298.684594 88.924452

(All distances are in millimeters.)
----------------------------------------------------------------------
