----------------------------------------------------------------------
Transformation Parameters

Patient number: 007
From: pet
To: mr_T1_rectified

Point      x          y          z        new_x       new_y       new_z

1 0.000000 0.000000 0.000000 13.420348 -5.923598 -2.234710
2 329.021826 0.000000 0.000000 342.332664 2.563888 -2.119882
3 0.000000 329.021826 0.000000 4.932563 322.987327 -1.274296
4 329.021826 329.021826 0.000000 333.844879 331.474813 -1.159468
5 0.000000 0.000000 112.000000 13.389707 -6.251425 109.764806
6 329.021826 0.000000 112.000000 342.302023 2.236060 109.879634
7 0.000000 329.021826 112.000000 4.901922 322.659500 110.725220
8 329.021826 329.021826 112.000000 333.814237 331.146986 110.840048

(All distances are in millimeters.)
----------------------------------------------------------------------
