----------------------------------------------------------------------
Transformation Parameters

Patient number: 001
From: pet
To: mr_T2_rectified

Point      x          y          z        new_x       new_y       new_z

1 0.000000 0.000000 0.000000 8.072834 -10.913916 -3.196290
2 329.021826 0.000000 0.000000 337.025809 -12.346357 3.380204
3 0.000000 329.021826 0.000000 9.398284 318.061634 2.160278
4 329.021826 329.021826 0.000000 338.351259 316.629193 8.736772
5 0.000000 0.000000 112.000000 5.826553 -12.727907 108.766488
6 329.021826 0.000000 112.000000 334.779528 -14.160348 115.342982
7 0.000000 329.021826 112.000000 7.152002 316.247642 114.123056
8 329.021826 329.021826 112.000000 336.104977 314.815201 120.699550

(All distances are in millimeters.)
----------------------------------------------------------------------
