----------------------------------------------------------------------
Transformation Parameters

Patient number: 005
From: pet
To: mr_T2_rectified

Point      x          y          z        new_x       new_y       new_z

1 0.000000 0.000000 0.000000 50.129055 22.800091 7.879705
2 246.766339 0.000000 0.000000 296.894054 22.637050 7.083142
3 0.000000 246.766339 0.000000 50.243342 269.109481 -7.130210
4 246.766339 246.766339 0.000000 297.008342 268.946440 -7.926773
5 0.000000 0.000000 112.000000 50.494423 29.612447 119.671737
6 246.766339 0.000000 112.000000 297.259423 29.449406 118.875174
7 0.000000 246.766339 112.000000 50.608711 275.921837 104.661822
8 246.766339 246.766339 112.000000 297.373710 275.758796 103.865259

(All distances are in millimeters.)
----------------------------------------------------------------------
