----------------------------------------------------------------------
Transformation Parameters

Patient number: 003
From: ct
To: mr_PD_rectified

Point      x          y          z        new_x       new_y       new_z

1 0.000000 0.000000 0.000000 5.047773 -41.824549 -45.876329
2 333.987030 0.000000 0.000000 338.912561 -34.636341 -40.401957
3 0.000000 333.987030 0.000000 -1.860386 291.677973 -62.479993
4 333.987030 333.987030 0.000000 332.004403 298.866181 -57.005621
5 0.000000 0.000000 132.000000 2.746069 -35.309521 85.942701
6 333.987030 0.000000 132.000000 336.610858 -28.121313 91.417073
7 0.000000 333.987030 132.000000 -4.162089 298.193001 69.339037
8 333.987030 333.987030 132.000000 329.702699 305.381209 74.813409

(All distances are in millimeters.)
----------------------------------------------------------------------
