----------------------------------------------------------------------
Transformation Parameters

Patient number: 006
From: ct
To: mr_T2

Point      x          y          z        new_x       new_y       new_z

1 0.000000 0.000000 0.000000 -9.582453 -31.173983 -14.546594
2 333.987030 0.000000 0.000000 324.398478 -33.191322 -14.482135
3 0.000000 333.987030 0.000000 -7.565185 302.806762 -14.188560
4 333.987030 333.987030 0.000000 326.415746 300.789424 -14.124101
5 0.000000 0.000000 116.000000 -9.605592 -31.298198 101.453337
6 333.987030 0.000000 116.000000 324.375339 -33.315536 101.517796
7 0.000000 333.987030 116.000000 -7.588324 302.682548 101.811371
8 333.987030 333.987030 116.000000 326.392607 300.665210 101.875830

(All distances are in millimeters.)
----------------------------------------------------------------------
