----------------------------------------------------------------------
Transformation Parameters

Patient number: 007
From: pet
To: mr_PD_rectified

Point      x          y          z        new_x       new_y       new_z

1 0.000000 0.000000 0.000000 12.537637 -3.801509 -8.244327
2 329.021826 0.000000 0.000000 340.886741 -0.554709 12.532723
3 0.000000 329.021826 0.000000 9.049963 325.180940 -4.536659
4 329.021826 329.021826 0.000000 337.399067 328.427739 16.240391
5 0.000000 0.000000 112.000000 5.478368 -5.135999 103.525015
6 329.021826 0.000000 112.000000 333.827473 -1.889200 124.302065
7 0.000000 329.021826 112.000000 1.990695 323.846449 107.232683
8 329.021826 329.021826 112.000000 330.339799 327.093248 128.009733

(All distances are in millimeters.)
----------------------------------------------------------------------
