----------------------------------------------------------------------
Transformation Parameters

Patient number: 004
From: ct
To: mr_PD_rectified

Point      x          y          z        new_x       new_y       new_z

1 0.000000 0.000000 0.000000 0.997401 -29.775316 -38.580729
2 333.987030 0.000000 0.000000 334.983436 -29.452421 -37.832228
3 0.000000 333.987030 0.000000 0.653531 304.078783 -29.164878
4 333.987030 333.987030 0.000000 334.639567 304.401679 -28.416378
5 0.000000 0.000000 104.000000 0.767253 -32.707543 65.377672
6 333.987030 0.000000 104.000000 334.753289 -32.384647 66.126172
7 0.000000 333.987030 104.000000 0.423384 301.146557 74.793522
8 333.987030 333.987030 104.000000 334.409419 301.469452 75.542023

(All distances are in millimeters.)
----------------------------------------------------------------------
