----------------------------------------------------------------------
Transformation Parameters

Patient number: 002
From: pet
To: mr_PD

Point      x          y          z        new_x       new_y       new_z

1 0.000000 0.000000 0.000000 2.399261 8.099422 -20.610635
2 329.021826 0.000000 0.000000 331.205531 0.433388 -11.498520
3 0.000000 329.021826 0.000000 9.786676 336.885150 -10.574065
4 329.021826 329.021826 0.000000 338.592945 329.219116 -1.461951
5 0.000000 0.000000 112.000000 -0.779906 4.754825 91.294265
6 329.021826 0.000000 112.000000 328.026364 -2.911208 100.406379
7 0.000000 329.021826 112.000000 6.607509 333.540554 101.330834
8 329.021826 329.021826 112.000000 335.413778 325.874520 110.442949

(All distances are in millimeters.)
----------------------------------------------------------------------
