----------------------------------------------------------------------
Transformation Parameters

Patient number: 006
From: ct
To: mr_T2_rectified

Point      x          y          z        new_x       new_y       new_z

1 0.000000 0.000000 0.000000 -7.830255 -29.940998 -21.341897
2 333.987030 0.000000 0.000000 326.109623 -31.052887 -26.842614
3 0.000000 333.987030 0.000000 -6.679700 304.035853 -19.002003
4 333.987030 333.987030 0.000000 327.260178 302.923965 -24.502720
5 0.000000 0.000000 116.000000 -5.922516 -30.760155 94.639522
6 333.987030 0.000000 116.000000 328.017362 -31.872043 89.138805
7 0.000000 333.987030 116.000000 -4.771961 303.216697 96.979416
8 333.987030 333.987030 116.000000 329.167917 302.104808 91.478699

(All distances are in millimeters.)
----------------------------------------------------------------------
