----------------------------------------------------------------------
Transformation Parameters

Patient number: 002
From: pet
To: mr_T1_rectified

Point      x          y          z        new_x       new_y       new_z

1 0.000000 0.000000 0.000000 7.887373 10.753829 -19.541118
2 329.021826 0.000000 0.000000 336.777023 10.496025 -10.219443
3 0.000000 329.021826 0.000000 7.844622 339.604756 -8.937923
4 329.021826 329.021826 0.000000 336.734272 339.346952 0.383752
5 0.000000 0.000000 112.000000 4.713067 7.145508 92.355726
6 329.021826 0.000000 112.000000 333.602717 6.887703 101.677401
7 0.000000 329.021826 112.000000 4.670317 335.996435 102.958921
8 329.021826 329.021826 112.000000 333.559967 335.738630 112.280596

(All distances are in millimeters.)
----------------------------------------------------------------------
