----------------------------------------------------------------------
Transformation Parameters

Patient number: 007
From: ct
To: mr_PD

Point      x          y          z        new_x       new_y       new_z

1 0.000000 0.000000 0.000000 -7.077499 -20.910846 -5.588032
2 333.987030 0.000000 0.000000 326.902748 -22.866337 -6.428670
3 0.000000 333.987030 0.000000 -5.125372 313.067820 -6.920637
4 333.987030 333.987030 0.000000 328.854876 311.112329 -7.761274
5 0.000000 0.000000 108.000000 -6.803150 -20.481525 102.410766
6 333.987030 0.000000 108.000000 327.177098 -22.437016 101.570129
7 0.000000 333.987030 108.000000 -4.851022 313.497141 101.078162
8 333.987030 333.987030 108.000000 329.129225 311.541650 100.237524

(All distances are in millimeters.)
----------------------------------------------------------------------
