----------------------------------------------------------------------
Transformation Parameters

Patient number: 005
From: pet
To: mr_T1

Point      x          y          z        new_x       new_y       new_z

1 0.000000 0.000000 0.000000 49.597535 25.258854 9.026123
2 246.766339 0.000000 0.000000 296.360579 24.137273 8.419049
3 0.000000 246.766339 0.000000 50.670678 271.334463 -9.393137
4 246.766339 246.766339 0.000000 297.433721 270.212882 -10.000211
5 0.000000 0.000000 112.000000 49.910294 33.617505 120.713343
6 246.766339 0.000000 112.000000 296.673337 32.495924 120.106269
7 0.000000 246.766339 112.000000 50.983436 279.693114 102.294083
8 246.766339 246.766339 112.000000 297.746480 278.571533 101.687009

(All distances are in millimeters.)
----------------------------------------------------------------------
