----------------------------------------------------------------------
Transformation Parameters

Patient number: 001
From: ct
To: mr_PD

Point      x          y          z        new_x       new_y       new_z

1 0.000000 0.000000 0.000000 -2.724025 -21.202639 3.821281
2 333.987030 0.000000 0.000000 331.191313 -26.688237 -0.396749
3 0.000000 333.987030 0.000000 2.615102 312.547730 -7.559461
4 333.987030 333.987030 0.000000 336.530439 307.062132 -11.777492
5 0.000000 0.000000 108.000000 -1.300579 -17.545090 111.749944
6 333.987030 0.000000 108.000000 332.614758 -23.030688 107.531913
7 0.000000 333.987030 108.000000 4.038547 316.205279 100.369201
8 333.987030 333.987030 108.000000 337.953885 310.719681 96.151171

(All distances are in millimeters.)
----------------------------------------------------------------------
