----------------------------------------------------------------------
Transformation Parameters

Patient number: 006
From: pet
To: mr_T2

Point      x          y          z        new_x       new_y       new_z

1 0.000000 0.000000 0.000000 11.480939 -1.912281 -16.118014
2 329.021826 0.000000 0.000000 340.183370 10.578707 -8.766211
3 0.000000 329.021826 0.000000 -1.369285 326.435955 0.545403
4 329.021826 329.021826 0.000000 327.333146 338.926943 7.897206
5 0.000000 0.000000 112.000000 9.198830 -7.676791 95.710258
6 329.021826 0.000000 112.000000 337.901261 4.814197 103.062061
7 0.000000 329.021826 112.000000 -3.651394 320.671445 112.373675
8 329.021826 329.021826 112.000000 325.051037 333.162433 119.725478

(All distances are in millimeters.)
----------------------------------------------------------------------
