----------------------------------------------------------------------
Transformation Parameters

Patient number: 001
From: pet
To: mr_T1_rectified

Point      x          y          z        new_x       new_y       new_z

1 0.000000 0.000000 0.000000 8.881389 -12.224236 -5.108849
2 329.021826 0.000000 0.000000 337.526091 -12.472941 10.637890
3 0.000000 329.021826 0.000000 9.199221 316.794299 -6.545683
4 329.021826 329.021826 0.000000 337.843923 316.545594 9.201056
5 0.000000 0.000000 112.000000 3.521576 -11.730516 106.761740
6 329.021826 0.000000 112.000000 332.166278 -11.979221 122.508479
7 0.000000 329.021826 112.000000 3.839408 317.288018 105.324906
8 329.021826 329.021826 112.000000 332.484110 317.039314 121.071645

(All distances are in millimeters.)
----------------------------------------------------------------------
