----------------------------------------------------------------------
Transformation Parameters

Patient number: 002
From: pet
To: mr_T2_rectified

Point      x          y          z        new_x       new_y       new_z

1 0.000000 0.000000 0.000000 6.781588 6.674716 -12.805178
2 329.021826 0.000000 0.000000 335.736862 5.264955 -6.339758
3 0.000000 329.021826 0.000000 8.227612 335.688262 -14.637491
4 329.021826 329.021826 0.000000 337.182886 334.278501 -8.172071
5 0.000000 0.000000 112.000000 4.583467 7.307987 99.171459
6 329.021826 0.000000 112.000000 333.538742 5.898226 105.636879
7 0.000000 329.021826 112.000000 6.029491 336.321533 97.339146
8 329.021826 329.021826 112.000000 334.984766 334.911772 103.804566

(All distances are in millimeters.)
----------------------------------------------------------------------
