----------------------------------------------------------------------
Transformation Parameters

Patient number: 004
From: ct
To: mr_T1_rectified

Point      x          y          z        new_x       new_y       new_z

1 0.000000 0.000000 0.000000 1.730518 -30.526541 -18.007342
2 333.987030 0.000000 0.000000 335.716142 -29.559967 -18.075141
3 0.000000 333.987030 0.000000 0.763960 303.459080 -17.923511
4 333.987030 333.987030 0.000000 334.749585 304.425654 -17.991311
5 0.000000 0.000000 104.000000 1.751705 -30.552584 85.992653
6 333.987030 0.000000 104.000000 335.737330 -29.586010 85.924853
7 0.000000 333.987030 104.000000 0.785148 303.433037 86.076483
8 333.987030 333.987030 104.000000 334.770772 304.399611 86.008684

(All distances are in millimeters.)
----------------------------------------------------------------------
