----------------------------------------------------------------------
Transformation Parameters

Patient number: 005
From: ct
To: mr_PD

Point      x          y          z        new_x       new_y       new_z

1 0.000000 0.000000 0.000000 -5.089042 -34.709383 -9.278954
2 333.987030 0.000000 0.000000 328.893124 -32.907629 -9.223923
3 0.000000 333.987030 0.000000 -6.885380 298.807367 -26.905277
4 333.987030 333.987030 0.000000 327.096785 300.609120 -26.850246
5 0.000000 0.000000 128.000000 -5.146545 -27.954334 118.542664
6 333.987030 0.000000 128.000000 328.835620 -26.152581 118.597695
7 0.000000 333.987030 128.000000 -6.942884 305.562415 100.916341
8 333.987030 333.987030 128.000000 327.039282 307.364169 100.971372

(All distances are in millimeters.)
----------------------------------------------------------------------
