----------------------------------------------------------------------
Transformation Parameters

Patient number: 007
From: pet
To: mr_T2_rectified

Point      x          y          z        new_x       new_y       new_z

1 0.000000 0.000000 0.000000 8.856085 -3.006801 -0.551075
2 329.021826 0.000000 0.000000 337.876262 -2.178161 0.079659
3 0.000000 329.021826 0.000000 8.027938 326.013882 -0.809029
4 329.021826 329.021826 0.000000 337.048115 326.842522 -0.178294
5 0.000000 0.000000 112.000000 8.641160 -2.919534 111.448684
6 329.021826 0.000000 112.000000 337.661338 -2.090894 112.079419
7 0.000000 329.021826 112.000000 7.813014 326.101149 111.190731
8 329.021826 329.021826 112.000000 336.833191 326.929789 111.821465

(All distances are in millimeters.)
----------------------------------------------------------------------
