----------------------------------------------------------------------
Transformation Parameters

Patient number: 005
From: pet
To: mr_PD

Point      x          y          z        new_x       new_y       new_z

1 0.000000 0.000000 0.000000 53.852542 23.158912 -1.913339
2 246.766339 0.000000 0.000000 300.528142 29.813893 -1.216473
3 0.000000 246.766339 0.000000 47.198312 269.835364 -2.187250
4 246.766339 246.766339 0.000000 293.873912 276.490346 -1.490383
5 0.000000 0.000000 112.000000 53.533017 23.274657 110.086145
6 246.766339 0.000000 112.000000 300.208617 29.929639 110.783012
7 0.000000 246.766339 112.000000 46.878787 269.951110 109.812235
8 246.766339 246.766339 112.000000 293.554387 276.606091 110.509101

(All distances are in millimeters.)
----------------------------------------------------------------------
