----------------------------------------------------------------------
Transformation Parameters

Patient number: 001
From: ct
To: mr_PD_rectified

Point      x          y          z        new_x       new_y       new_z

1 0.000000 0.000000 0.000000 0.477933 -21.350119 5.941692
2 333.987030 0.000000 0.000000 334.426349 -24.585791 2.027353
3 0.000000 333.987030 0.000000 3.601753 312.488524 -3.510214
4 333.987030 333.987030 0.000000 337.550169 309.252851 -7.424554
5 0.000000 0.000000 108.000000 1.772745 -18.305887 113.891014
6 333.987030 0.000000 108.000000 335.721161 -21.541560 109.976674
7 0.000000 333.987030 108.000000 4.896565 315.532755 104.439107
8 333.987030 333.987030 108.000000 338.844981 312.297083 100.524768

(All distances are in millimeters.)
----------------------------------------------------------------------
