----------------------------------------------------------------------
Transformation Parameters

Patient number: 008
From: pet
To: mr_T2

Point      x          y          z        new_x       new_y       new_z

1 0.000000 0.000000 0.000000 0.705842 18.874607 -32.287419
2 329.021826 0.000000 0.000000 328.802144 7.005141 -10.670429
3 0.000000 329.021826 0.000000 12.398609 347.674284 -29.219335
4 329.021826 329.021826 0.000000 340.494911 335.804818 -7.602345
5 0.000000 0.000000 112.000000 -6.685353 18.094665 79.465711
6 329.021826 0.000000 112.000000 321.410949 6.225200 101.082701
7 0.000000 329.021826 112.000000 5.007414 346.894343 82.533795
8 329.021826 329.021826 112.000000 333.103716 335.024877 104.150785

(All distances are in millimeters.)
----------------------------------------------------------------------
