----------------------------------------------------------------------
Transformation Parameters

Patient number: 002
From: ct
To: mr_T2_rectified

Point      x          y          z        new_x       new_y       new_z

1 0.000000 0.000000 0.000000 3.075115 -28.989753 -22.622024
2 333.987030 0.000000 0.000000 337.062144 -28.968668 -22.633373
3 0.000000 333.987030 0.000000 3.054419 304.812627 -11.517666
4 333.987030 333.987030 0.000000 337.041448 304.833712 -11.529015
5 0.000000 0.000000 112.000000 3.079154 -32.713514 89.316055
6 333.987030 0.000000 112.000000 337.066183 -32.692429 89.304706
7 0.000000 333.987030 112.000000 3.058458 301.088866 100.420413
8 333.987030 333.987030 112.000000 337.045487 301.109951 100.409064

(All distances are in millimeters.)
----------------------------------------------------------------------
