----------------------------------------------------------------------
Transformation Parameters

Patient number: 002
From: ct
To: mr_PD

Point      x          y          z        new_x       new_y       new_z

1 0.000000 0.000000 0.000000 -1.221291 -29.877504 -2.226838
2 333.987030 0.000000 0.000000 332.752590 -32.829278 -2.491356
3 0.000000 333.987030 0.000000 1.730448 304.096479 -2.271926
4 333.987030 333.987030 0.000000 335.704329 301.144705 -2.536444
5 0.000000 0.000000 112.000000 -1.132457 -29.863169 109.773126
6 333.987030 0.000000 112.000000 332.841424 -32.814943 109.508608
7 0.000000 333.987030 112.000000 1.819282 304.110814 109.728038
8 333.987030 333.987030 112.000000 335.793163 301.159040 109.463520

(All distances are in millimeters.)
----------------------------------------------------------------------
