----------------------------------------------------------------------
Transformation Parameters

Patient number: 001
From: pet
To: mr_T2

Point      x          y          z        new_x       new_y       new_z

1 0.000000 0.000000 0.000000 4.127790 -12.706000 7.609732
2 329.021826 0.000000 0.000000 332.983983 -14.707255 -2.635332
3 0.000000 329.021826 0.000000 6.118688 316.309601 7.246163
4 329.021826 329.021826 0.000000 334.974881 314.308347 -2.998901
5 0.000000 0.000000 112.000000 7.615927 -12.603405 119.555355
6 329.021826 0.000000 112.000000 336.472120 -14.604659 109.310291
7 0.000000 329.021826 112.000000 9.606825 316.412196 119.191786
8 329.021826 329.021826 112.000000 338.463018 314.410942 108.946722

(All distances are in millimeters.)
----------------------------------------------------------------------
