----------------------------------------------------------------------
Transformation Parameters

Patient number: 004
From: ct
To: mr_T2

Point      x          y          z        new_x       new_y       new_z

1 0.000000 0.000000 0.000000 -1.159354 -27.720891 -37.745623
2 333.987030 0.000000 0.000000 332.819317 -30.081158 -37.632401
3 0.000000 333.987030 0.000000 1.200913 306.257799 -37.745957
4 333.987030 333.987030 0.000000 335.179584 303.897532 -37.632735
5 0.000000 0.000000 104.000000 -1.194608 -27.720538 66.254371
6 333.987030 0.000000 104.000000 332.784063 -30.080805 66.367593
7 0.000000 333.987030 104.000000 1.165659 306.258152 66.254037
8 333.987030 333.987030 104.000000 335.144330 303.897885 66.367259

(All distances are in millimeters.)
----------------------------------------------------------------------
