----------------------------------------------------------------------
Transformation Parameters

Patient number: 005
From: ct
To: mr_T2_rectified

Point      x          y          z        new_x       new_y       new_z

1 0.000000 0.000000 0.000000 -4.901434 -33.209058 -21.337077
2 333.987030 0.000000 0.000000 329.068637 -30.998354 -23.874997
3 0.000000 333.987030 0.000000 -7.052378 300.680101 -13.543529
4 333.987030 333.987030 0.000000 326.917693 302.890805 -16.081449
5 0.000000 0.000000 128.000000 -3.909295 -36.189507 106.624373
6 333.987030 0.000000 128.000000 330.060776 -33.978803 104.086453
7 0.000000 333.987030 128.000000 -6.060239 297.699652 114.417921
8 333.987030 333.987030 128.000000 327.909832 299.910356 111.880001

(All distances are in millimeters.)
----------------------------------------------------------------------
