----------------------------------------------------------------------
Transformation Parameters

Patient number: 001
From: ct
To: mr_T1

Point      x          y          z        new_x       new_y       new_z

1 0.000000 0.000000 0.000000 -0.919684 -21.322199 -6.559026
2 333.987030 0.000000 0.000000 333.057704 -23.485330 -7.886074
3 0.000000 333.987030 0.000000 1.266896 312.604048 -0.574299
4 333.987030 333.987030 0.000000 335.244285 310.440917 -1.901347
5 0.000000 0.000000 108.000000 -0.503174 -23.260209 101.422781
6 333.987030 0.000000 108.000000 333.474214 -25.423340 100.095733
7 0.000000 333.987030 108.000000 1.683406 310.666038 107.407508
8 333.987030 333.987030 108.000000 335.660794 308.502907 106.080460

(All distances are in millimeters.)
----------------------------------------------------------------------
