----------------------------------------------------------------------
Transformation Parameters

Patient number: 005
From: pet
To: mr_T2

Point      x          y          z        new_x       new_y       new_z

1 0.000000 0.000000 0.000000 52.944005 24.435356 -1.282440
2 246.766339 0.000000 0.000000 299.638115 30.391072 -1.697254
3 0.000000 246.766339 0.000000 46.987894 271.129695 -1.514154
4 246.766339 246.766339 0.000000 293.682003 277.085412 -1.928968
5 0.000000 0.000000 112.000000 53.129684 24.545037 110.717352
6 246.766339 0.000000 112.000000 299.823793 30.500754 110.302538
7 0.000000 246.766339 112.000000 47.173573 271.239377 110.485638
8 246.766339 246.766339 112.000000 293.867682 277.195093 110.070824

(All distances are in millimeters.)
----------------------------------------------------------------------
