----------------------------------------------------------------------
Transformation Parameters

Patient number: 002
From: pet
To: mr_PD_rectified

Point      x          y          z        new_x       new_y       new_z

1 0.000000 0.000000 0.000000 5.946526 6.579129 -15.768004
2 329.021826 0.000000 0.000000 334.952939 6.089911 -12.621151
3 0.000000 329.021826 0.000000 6.327968 335.408671 -4.527516
4 329.021826 329.021826 0.000000 335.334381 334.919453 -1.380663
5 0.000000 0.000000 112.000000 4.870265 2.754254 96.161491
6 329.021826 0.000000 112.000000 333.876678 2.265037 99.308344
7 0.000000 329.021826 112.000000 5.251707 331.583797 107.401979
8 329.021826 329.021826 112.000000 334.258120 331.094579 110.548832

(All distances are in millimeters.)
----------------------------------------------------------------------
