----------------------------------------------------------------------
Transformation Parameters

Patient number: 005
From: pet
To: mr_PD_rectified

Point      x          y          z        new_x       new_y       new_z

1 0.000000 0.000000 0.000000 50.225955 24.288856 5.503863
2 246.766339 0.000000 0.000000 296.978266 23.045381 7.822621
3 0.000000 246.766339 0.000000 51.565695 270.834188 -4.851360
4 246.766339 246.766339 0.000000 298.318007 269.590713 -2.532601
5 0.000000 0.000000 112.000000 49.198164 28.994234 117.400257
6 246.766339 0.000000 112.000000 295.950476 27.750760 119.719016
7 0.000000 246.766339 112.000000 50.537905 275.539566 107.045035
8 246.766339 246.766339 112.000000 297.290216 274.296091 109.363793

(All distances are in millimeters.)
----------------------------------------------------------------------
