----------------------------------------------------------------------
Transformation Parameters

Patient number: 007
From: ct
To: mr_T2

Point      x          y          z        new_x       new_y       new_z

1 0.000000 0.000000 0.000000 -6.424864 -21.039772 -9.629856
2 333.987030 0.000000 0.000000 327.561497 -21.705041 -9.569070
3 0.000000 333.987030 0.000000 -5.759563 312.946548 -9.808873
4 333.987030 333.987030 0.000000 328.226799 312.281279 -9.748087
5 0.000000 0.000000 108.000000 -6.444405 -20.981845 98.370127
6 333.987030 0.000000 108.000000 327.541957 -21.647114 98.430913
7 0.000000 333.987030 108.000000 -5.779103 313.004475 98.191110
8 333.987030 333.987030 108.000000 328.207258 312.339206 98.251896

(All distances are in millimeters.)
----------------------------------------------------------------------
