----------------------------------------------------------------------
Transformation Parameters

Patient number: 006
From: ct
To: mr_T1

Point      x          y          z        new_x       new_y       new_z

1 0.000000 0.000000 0.000000 -9.051132 -30.559881 -19.386564
2 333.987030 0.000000 0.000000 324.932114 -32.020529 -20.014540
3 0.000000 333.987030 0.000000 -7.608894 303.289467 -28.866515
4 333.987030 333.987030 0.000000 326.374352 301.828818 -29.494491
5 0.000000 0.000000 116.000000 -8.818714 -27.268294 96.566493
6 333.987030 0.000000 116.000000 325.164532 -28.728943 95.938517
7 0.000000 333.987030 116.000000 -7.376476 306.581053 87.086542
8 333.987030 333.987030 116.000000 326.606770 305.120405 86.458566

(All distances are in millimeters.)
----------------------------------------------------------------------
