----------------------------------------------------------------------
Transformation Parameters

Patient number: 002
From: ct
To: mr_T1

Point      x          y          z        new_x       new_y       new_z

1 0.000000 0.000000 0.000000 -2.392891 -22.988688 -2.189665
2 333.987030 0.000000 0.000000 331.572223 -26.812144 -2.048389
3 0.000000 333.987030 0.000000 1.430836 310.975809 -2.845615
4 333.987030 333.987030 0.000000 335.395950 307.152352 -2.704339
5 0.000000 0.000000 112.000000 -2.437746 -22.768192 109.810109
6 333.987030 0.000000 112.000000 331.527369 -26.591649 109.951385
7 0.000000 333.987030 112.000000 1.385981 311.196304 109.154159
8 333.987030 333.987030 112.000000 335.351095 307.372848 109.295435

(All distances are in millimeters.)
----------------------------------------------------------------------
