----------------------------------------------------------------------
Transformation Parameters

Patient number: 008
From: pet
To: mr_PD

Point      x          y          z        new_x       new_y       new_z

1 0.000000 0.000000 0.000000 -2.042323 19.451232 -24.594269
2 329.021826 0.000000 0.000000 326.850295 12.920883 -31.102878
3 0.000000 329.021826 0.000000 4.848568 347.869212 -5.899124
4 329.021826 329.021826 0.000000 333.741187 341.338862 -12.407732
5 0.000000 0.000000 112.000000 0.042851 13.043447 87.202834
6 329.021826 0.000000 112.000000 328.935469 6.513098 80.694226
7 0.000000 329.021826 112.000000 6.933743 341.461426 105.897980
8 329.021826 329.021826 112.000000 335.826361 334.931077 99.389371

(All distances are in millimeters.)
----------------------------------------------------------------------
