----------------------------------------------------------------------
Transformation Parameters

Patient number: 002
From: pet
To: mr_T2

Point      x          y          z        new_x       new_y       new_z

1 0.000000 0.000000 0.000000 9.652298 1.441548 -30.141856
2 329.021826 0.000000 0.000000 337.583692 4.106582 -3.509913
3 0.000000 329.021826 0.000000 5.932361 330.189038 -17.234024
4 329.021826 329.021826 0.000000 333.863755 332.854072 9.397919
5 0.000000 0.000000 112.000000 0.629855 -3.040250 81.404139
6 329.021826 0.000000 112.000000 328.561248 -0.375216 108.036082
7 0.000000 329.021826 112.000000 -3.090082 325.707239 94.311971
8 329.021826 329.021826 112.000000 324.841312 328.372274 120.943914

(All distances are in millimeters.)
----------------------------------------------------------------------
