----------------------------------------------------------------------
Transformation Parameters

Patient number: 002
From: ct
To: mr_PD_rectified

Point      x          y          z        new_x       new_y       new_z

1 0.000000 0.000000 0.000000 2.078461 -30.855075 -16.882022
2 333.987030 0.000000 0.000000 336.065350 -31.019165 -17.141530
3 0.000000 333.987030 0.000000 2.243116 303.131122 -16.154599
4 333.987030 333.987030 0.000000 336.230005 302.967032 -16.414106
5 0.000000 0.000000 112.000000 2.165365 -31.099054 95.117678
6 333.987030 0.000000 112.000000 336.152254 -31.263144 94.858171
7 0.000000 333.987030 112.000000 2.330020 302.887144 95.845102
8 333.987030 333.987030 112.000000 336.316909 302.723053 95.585594

(All distances are in millimeters.)
----------------------------------------------------------------------
