----------------------------------------------------------------------
Transformation Parameters

Patient number: 009
From: pet
To: mr_PD

Point      x          y          z        new_x       new_y       new_z

1 0.000000 0.000000 0.000000 4.169650 0.452299 -33.919785
2 329.021826 0.000000 0.000000 333.123138 -3.463357 -28.476231
3 0.000000 329.021826 0.000000 7.720972 328.748816 -12.375725
4 329.021826 329.021826 0.000000 336.674460 324.833161 -6.932172
5 0.000000 0.000000 112.000000 2.233456 -6.859839 77.824494
6 329.021826 0.000000 112.000000 331.186944 -10.775494 83.268047
7 0.000000 329.021826 112.000000 5.784778 321.436679 99.368553
8 329.021826 329.021826 112.000000 334.738266 317.521023 104.812107

(All distances are in millimeters.)
----------------------------------------------------------------------
