----------------------------------------------------------------------
Transformation Parameters

Patient number: 009
From: pet
To: mr_T2

Point      x          y          z        new_x       new_y       new_z

1 0.000000 0.000000 0.000000 5.427604 -0.862253 -34.898077
2 329.021826 0.000000 0.000000 334.042700 -4.953042 -19.063110
3 0.000000 329.021826 0.000000 8.890725 327.882069 -21.839012
4 329.021826 329.021826 0.000000 337.505821 323.791280 -6.004046
5 0.000000 0.000000 112.000000 -0.013389 -5.245367 76.883782
6 329.021826 0.000000 112.000000 328.601707 -9.336155 92.718748
7 0.000000 329.021826 112.000000 3.449732 323.498956 89.942846
8 329.021826 329.021826 112.000000 332.064828 319.408167 105.777813

(All distances are in millimeters.)
----------------------------------------------------------------------
