----------------------------------------------------------------------
Transformation Parameters

Patient number: 007
From: pet
To: mr_T1

Point      x          y          z        new_x       new_y       new_z

1 0.000000 0.000000 0.000000 7.475334 -4.273872 11.698921
2 329.021826 0.000000 0.000000 336.489990 -2.444045 10.528608
3 0.000000 329.021826 0.000000 5.562878 323.815738 -12.977226
4 329.021826 329.021826 0.000000 334.577534 325.645565 -14.147539
5 0.000000 0.000000 112.000000 7.825868 4.128094 123.382779
6 329.021826 0.000000 112.000000 336.840524 5.957921 122.212466
7 0.000000 329.021826 112.000000 5.913412 332.217704 98.706632
8 329.021826 329.021826 112.000000 334.928068 334.047531 97.536319

(All distances are in millimeters.)
----------------------------------------------------------------------
