----------------------------------------------------------------------
Transformation Parameters

Patient number: 001
From: ct
To: mr_T2

Point      x          y          z        new_x       new_y       new_z

1 0.000000 0.000000 0.000000 -2.141140 -20.430836 -5.857885
2 333.987030 0.000000 0.000000 331.809113 -25.387027 -5.889279
3 0.000000 333.987030 0.000000 2.815045 313.519414 -5.912659
4 333.987030 333.987030 0.000000 336.765298 308.563223 -5.944053
5 0.000000 0.000000 108.000000 -2.130726 -20.413277 102.142113
6 333.987030 0.000000 108.000000 331.819527 -25.369468 102.110719
7 0.000000 333.987030 108.000000 2.825459 313.536973 102.087339
8 333.987030 333.987030 108.000000 336.775712 308.580782 102.055945

(All distances are in millimeters.)
----------------------------------------------------------------------
