----------------------------------------------------------------------
Transformation Parameters

Patient number: 007
From: pet
To: mr_T2

Point      x          y          z        new_x       new_y       new_z

1 0.000000 0.000000 0.000000 7.290219 -4.038640 -1.671179
2 329.021826 0.000000 0.000000 336.298803 -1.088344 -1.766266
3 0.000000 329.021826 0.000000 4.339920 324.969958 -1.679733
4 329.021826 329.021826 0.000000 333.348504 327.920254 -1.774821
5 0.000000 0.000000 112.000000 7.322560 -4.035438 110.328817
6 329.021826 0.000000 112.000000 336.331144 -1.085142 110.233729
7 0.000000 329.021826 112.000000 4.372260 324.973160 110.320262
8 329.021826 329.021826 112.000000 333.380845 327.923456 110.225175

(All distances are in millimeters.)
----------------------------------------------------------------------
