----------------------------------------------------------------------
Transformation Parameters

Patient number: 001
From: pet
To: mr_T1

Point      x          y          z        new_x       new_y       new_z

1 0.000000 0.000000 0.000000 4.820414 -12.374792 -2.187655
2 329.021826 0.000000 0.000000 333.841540 -11.976699 -2.737703
3 0.000000 329.021826 0.000000 4.431565 316.600892 3.308728
4 329.021826 329.021826 0.000000 333.452690 316.998985 2.758680
5 0.000000 0.000000 112.000000 5.009890 -14.245551 109.796560
6 329.021826 0.000000 112.000000 334.031015 -13.847458 109.246512
7 0.000000 329.021826 112.000000 4.621040 314.730132 115.292943
8 329.021826 329.021826 112.000000 333.642165 315.128225 114.742895

(All distances are in millimeters.)
----------------------------------------------------------------------
