----------------------------------------------------------------------
Transformation Parameters

Patient number: 003
From: ct
To: mr_T1

Point      x          y          z        new_x       new_y       new_z

1 0.000000 0.000000 0.000000 -1.483064 -25.780606 -25.649578
2 333.987030 0.000000 0.000000 332.503427 -25.187708 -25.743094
3 0.000000 333.987030 0.000000 -2.075890 308.205800 -25.394078
4 333.987030 333.987030 0.000000 331.910601 308.798698 -25.487594
5 0.000000 0.000000 132.000000 -1.445924 -25.881520 106.350378
6 333.987030 0.000000 132.000000 332.540566 -25.288622 106.256862
7 0.000000 333.987030 132.000000 -2.038751 308.104886 106.605878
8 333.987030 333.987030 132.000000 331.947740 308.697784 106.512362

(All distances are in millimeters.)
----------------------------------------------------------------------
