----------------------------------------------------------------------
Transformation Parameters

Patient number: 004
From: ct
To: mr_T2

Point      x          y          z        new_x       new_y       new_z

1 0.000000 0.000000 0.000000 0.480015 -31.234272 -78.852354
2 333.987030 0.000000 0.000000 333.685641 -34.526259 -56.257881
3 0.000000 333.987030 0.000000 1.712336 301.374347 -48.564992
4 333.987030 333.987030 0.000000 334.917961 298.082360 -25.970519
5 0.000000 0.000000 104.000000 -6.619585 -40.617408 24.479889
6 333.987030 0.000000 104.000000 326.586040 -43.909395 47.074362
7 0.000000 333.987030 104.000000 -5.387265 291.991211 54.767251
8 333.987030 333.987030 104.000000 327.818361 288.699224 77.361724

(All distances are in millimeters.)
----------------------------------------------------------------------
