----------------------------------------------------------------------
Transformation Parameters

Patient number: 007
From: ct
To: mr_T2_rectified

Point      x          y          z        new_x       new_y       new_z

1 0.000000 0.000000 0.000000 -0.104145 -24.007634 -30.073469
2 333.987030 0.000000 0.000000 333.882713 -23.689476 -29.956950
3 0.000000 333.987030 0.000000 -0.425324 309.858213 -21.082957
4 333.987030 333.987030 0.000000 333.561534 310.176371 -20.966437
5 0.000000 0.000000 108.000000 -0.139040 -26.914893 77.887387
6 333.987030 0.000000 108.000000 333.847818 -26.596735 78.003907
7 0.000000 333.987030 108.000000 -0.460219 306.950954 86.877900
8 333.987030 333.987030 108.000000 333.526639 307.269112 86.994419

(All distances are in millimeters.)
----------------------------------------------------------------------
