----------------------------------------------------------------------
Transformation Parameters

Patient number: 006
From: ct
To: mr_T1

Point      x          y          z        new_x       new_y       new_z

1 0.000000 0.000000 0.000000 -11.738890 -19.763009 -13.784395
2 333.987030 0.000000 0.000000 322.120578 -28.975538 -14.351170
3 0.000000 333.987030 0.000000 -2.527374 314.096435 -14.381230
4 333.987030 333.987030 0.000000 331.332093 304.883905 -14.948005
5 0.000000 0.000000 116.000000 -11.536395 -19.561225 102.215253
6 333.987030 0.000000 116.000000 322.323072 -28.773755 101.648478
7 0.000000 333.987030 116.000000 -2.324880 314.298218 101.618418
8 333.987030 333.987030 116.000000 331.534588 305.085689 101.051643

(All distances are in millimeters.)
----------------------------------------------------------------------
