----------------------------------------------------------------------
Transformation Parameters

Patient number: 002
From: ct
To: mr_T2_rectified

Point      x          y          z        new_x       new_y       new_z

1 0.000000 0.000000 0.000000 0.216664 -31.208412 -16.377179
2 333.987030 0.000000 0.000000 334.188330 -33.050353 -18.998156
3 0.000000 333.987030 0.000000 1.745135 300.560794 -54.772416
4 333.987030 333.987030 0.000000 335.716801 298.718853 -57.393394
5 0.000000 0.000000 112.000000 1.160761 -18.337477 94.876800
6 333.987030 0.000000 112.000000 335.132427 -20.179418 92.255822
7 0.000000 333.987030 112.000000 2.689232 313.431729 56.481562
8 333.987030 333.987030 112.000000 336.660898 311.589788 53.860585

(All distances are in millimeters.)
----------------------------------------------------------------------
