----------------------------------------------------------------------
Transformation Parameters

Patient number: 009
From: pet
To: mr_PD

Point      x          y          z        new_x       new_y       new_z

1 0.000000 0.000000 0.000000 -3.329423 5.406366 6.259029
2 329.021826 0.000000 0.000000 325.138640 -13.671181 5.884273
3 0.000000 329.021826 0.000000 15.748072 333.874641 6.203095
4 329.021826 329.021826 0.000000 344.216135 314.797095 5.828339
5 0.000000 0.000000 112.000000 -3.200966 5.417977 118.258955
6 329.021826 0.000000 112.000000 325.267098 -13.659569 117.884199
7 0.000000 329.021826 112.000000 15.876529 333.886252 118.203021
8 329.021826 329.021826 112.000000 344.344593 314.808706 117.828265

(All distances are in millimeters.)
----------------------------------------------------------------------
