----------------------------------------------------------------------
Transformation Parameters

Patient number: 004
From: ct
To: mr_T1_rectified

Point      x          y          z        new_x       new_y       new_z

1 0.000000 0.000000 0.000000 -0.824922 -27.809363 -28.963866
2 333.987030 0.000000 0.000000 333.161033 -28.121650 -28.175993
3 0.000000 333.987030 0.000000 -0.510975 306.176778 -29.667576
4 333.987030 333.987030 0.000000 333.474980 305.864491 -28.879704
5 0.000000 0.000000 104.000000 -1.070052 -27.590005 75.035614
6 333.987030 0.000000 104.000000 332.915903 -27.902292 75.823486
7 0.000000 333.987030 104.000000 -0.756105 306.396136 74.331903
8 333.987030 333.987030 104.000000 333.229850 306.083849 75.119776

(All distances are in millimeters.)
----------------------------------------------------------------------
