----------------------------------------------------------------------
Transformation Parameters

Patient number: 005
From: pet
To: mr_T1_rectified

Point      x          y          z        new_x       new_y       new_z

1 0.000000 0.000000 0.000000 47.529859 37.045333 66.894821
2 246.766339 0.000000 0.000000 293.619632 24.202580 53.913546
3 0.000000 246.766339 0.000000 59.012243 282.279239 41.952642
4 246.766339 246.766339 0.000000 305.102016 269.436486 28.971367
5 0.000000 0.000000 112.000000 53.974257 48.060663 178.165357
6 246.766339 0.000000 112.000000 300.064030 35.217910 165.184082
7 0.000000 246.766339 112.000000 65.456641 293.294569 153.223178
8 246.766339 246.766339 112.000000 311.546414 280.451816 140.241903

(All distances are in millimeters.)
----------------------------------------------------------------------
