----------------------------------------------------------------------
Transformation Parameters

Patient number: 007
From: ct
To: mr_T1

Point      x          y          z        new_x       new_y       new_z

1 0.000000 0.000000 0.000000 -8.554405 -18.171865 10.733094
2 333.987030 0.000000 0.000000 325.380897 -23.690912 12.755632
3 0.000000 333.987030 0.000000 -2.876902 314.435998 -19.051326
4 333.987030 333.987030 0.000000 331.058399 308.916951 -17.028788
5 0.000000 0.000000 108.000000 -9.046569 -8.530975 118.300798
6 333.987030 0.000000 108.000000 324.888732 -14.050022 120.323336
7 0.000000 333.987030 108.000000 -3.369067 324.076888 88.516378
8 333.987030 333.987030 108.000000 330.566235 318.557841 90.538916

(All distances are in millimeters.)
----------------------------------------------------------------------
