----------------------------------------------------------------------
Transformation Parameters

Patient number: 005
From: ct
To: mr_PD_rectified

Point      x          y          z        new_x       new_y       new_z

1 0.000000 0.000000 0.000000 -9.228735 -19.516038 -20.791240
2 333.987030 0.000000 0.000000 324.702802 -25.587450 -20.340692
3 0.000000 333.987030 0.000000 -3.157185 314.415785 -20.889766
4 333.987030 333.987030 0.000000 330.774352 308.344374 -20.439218
5 0.000000 0.000000 128.000000 -9.400692 -19.475146 107.208638
6 333.987030 0.000000 128.000000 324.530845 -25.546557 107.659186
7 0.000000 333.987030 128.000000 -3.329142 314.456678 107.110112
8 333.987030 333.987030 128.000000 330.602395 308.385267 107.560660

(All distances are in millimeters.)
----------------------------------------------------------------------
