----------------------------------------------------------------------
Transformation Parameters

Patient number: 003
From: ct
To: mr_PD_rectified

Point      x          y          z        new_x       new_y       new_z

1 0.000000 0.000000 0.000000 1.251201 -39.532624 -63.511460
2 333.987030 0.000000 0.000000 335.058487 -35.195324 -53.450645
3 0.000000 333.987030 0.000000 -3.065785 294.425687 -64.250572
4 333.987030 333.987030 0.000000 330.741501 298.762987 -54.189758
5 0.000000 0.000000 132.000000 -2.728535 -39.292061 68.428314
6 333.987030 0.000000 132.000000 331.078751 -34.954761 78.489128
7 0.000000 333.987030 132.000000 -7.045521 294.666250 67.689201
8 333.987030 333.987030 132.000000 326.761765 299.003550 77.750016

(All distances are in millimeters.)
----------------------------------------------------------------------
