----------------------------------------------------------------------
Transformation Parameters

Patient number: 001
From: pet
To: mr_PD

Point      x          y          z        new_x       new_y       new_z

1 0.000000 0.000000 0.000000 1.431311 -4.330955 20.804164
2 329.021826 0.000000 0.000000 330.258647 -12.072943 12.557551
3 0.000000 329.021826 0.000000 9.754032 323.716996 44.692157
4 329.021826 329.021826 0.000000 338.581368 315.975008 36.445543
5 0.000000 0.000000 112.000000 4.038836 -12.528700 132.473309
6 329.021826 0.000000 112.000000 332.866172 -20.270688 124.226695
7 0.000000 329.021826 112.000000 12.361557 315.519251 156.361301
8 329.021826 329.021826 112.000000 341.188893 307.777263 148.114688

(All distances are in millimeters.)
----------------------------------------------------------------------
