----------------------------------------------------------------------
Transformation Parameters

Patient number: 002
From: pet
To: mr_T2_rectified

Point      x          y          z        new_x       new_y       new_z

1 0.000000 0.000000 0.000000 4.334018 5.601015 12.288347
2 329.021826 0.000000 0.000000 333.213991 1.095840 3.742678
3 0.000000 329.021826 0.000000 7.903090 332.725721 -22.812228
4 329.021826 329.021826 0.000000 336.783063 328.220546 -31.357897
5 0.000000 0.000000 112.000000 7.389820 17.512648 123.611189
6 329.021826 0.000000 112.000000 336.269794 13.007472 115.065520
7 0.000000 329.021826 112.000000 10.958893 344.637354 88.510614
8 329.021826 329.021826 112.000000 339.838866 340.132178 79.964945

(All distances are in millimeters.)
----------------------------------------------------------------------
