----------------------------------------------------------------------
Transformation Parameters

Patient number: 005
From: pet
To: mr_T2_rectified

Point      x          y          z        new_x       new_y       new_z

1 0.000000 0.000000 0.000000 55.238055 21.876289 -4.295385
2 246.766339 0.000000 0.000000 300.920402 25.400925 18.538530
3 0.000000 246.766339 0.000000 52.420450 268.504699 -12.048741
4 246.766339 246.766339 0.000000 298.102796 272.029335 10.785174
5 0.000000 0.000000 112.000000 44.829941 25.261518 107.168562
6 246.766339 0.000000 112.000000 290.512287 28.786154 130.002477
7 0.000000 246.766339 112.000000 42.012335 271.889928 99.415206
8 246.766339 246.766339 112.000000 287.694682 275.414564 122.249121

(All distances are in millimeters.)
----------------------------------------------------------------------
