----------------------------------------------------------------------
Transformation Parameters

Patient number: 008
From: pet
To: mr_T1

Point      x          y          z        new_x       new_y       new_z

1 0.000000 0.000000 0.000000 -2.949586 16.616945 12.612943
2 329.021826 0.000000 0.000000 325.605668 -0.844504 11.232738
3 0.000000 329.021826 0.000000 14.459477 345.011895 2.170557
4 329.021826 329.021826 0.000000 343.014730 327.550446 0.790352
5 0.000000 0.000000 112.000000 -2.292009 20.141664 124.555536
6 329.021826 0.000000 112.000000 326.263245 2.680215 123.175331
7 0.000000 329.021826 112.000000 15.117054 348.536614 114.113150
8 329.021826 329.021826 112.000000 343.672308 331.075165 112.732945

(All distances are in millimeters.)
----------------------------------------------------------------------
