----------------------------------------------------------------------
Transformation Parameters

Patient number: 002
From: ct
To: mr_T1_rectified

Point      x          y          z        new_x       new_y       new_z

1 0.000000 0.000000 0.000000 -2.713651 -17.843751 -1.942706
2 333.987030 0.000000 0.000000 331.062540 -29.311363 1.104355
3 0.000000 333.987030 0.000000 8.916989 315.334425 -22.051585
4 333.987030 333.987030 0.000000 342.693180 303.866814 -19.004524
5 0.000000 0.000000 112.000000 -3.501448 -11.069066 109.849436
6 333.987030 0.000000 112.000000 330.274743 -22.536677 112.896497
7 0.000000 333.987030 112.000000 8.129192 322.109111 89.740557
8 333.987030 333.987030 112.000000 341.905383 310.641499 92.787618

(All distances are in millimeters.)
----------------------------------------------------------------------
