----------------------------------------------------------------------
Transformation Parameters

Patient number: 008
From: pet
To: mr_T2

Point      x          y          z        new_x       new_y       new_z

1 0.000000 0.000000 0.000000 -2.240772 18.363496 -27.517468
2 329.021826 0.000000 0.000000 326.693210 15.810732 -34.678495
3 0.000000 329.021826 0.000000 1.184406 344.807717 13.443499
4 329.021826 329.021826 0.000000 330.118389 342.254953 6.282472
5 0.000000 0.000000 112.000000 0.069585 4.398609 83.584486
6 329.021826 0.000000 112.000000 329.003568 1.845845 76.423459
7 0.000000 329.021826 112.000000 3.494763 330.842829 124.545453
8 329.021826 329.021826 112.000000 332.428746 328.290066 117.384426

(All distances are in millimeters.)
----------------------------------------------------------------------
