----------------------------------------------------------------------
Transformation Parameters

Patient number: 006
From: ct
To: mr_T2

Point      x          y          z        new_x       new_y       new_z

1 0.000000 0.000000 0.000000 -11.954649 -26.774479 -19.030819
2 333.987030 0.000000 0.000000 321.591486 -33.906041 -34.633790
3 0.000000 333.987030 0.000000 -6.013952 306.207554 -44.230217
4 333.987030 333.987030 0.000000 327.532183 299.075993 -59.833188
5 0.000000 0.000000 116.000000 -6.364865 -18.130199 96.511514
6 333.987030 0.000000 116.000000 327.181270 -25.261760 80.908543
7 0.000000 333.987030 116.000000 -0.424168 314.851835 71.312116
8 333.987030 333.987030 116.000000 333.121967 307.720273 55.709145

(All distances are in millimeters.)
----------------------------------------------------------------------
