----------------------------------------------------------------------
Transformation Parameters

Patient number: 004
From: ct
To: mr_T2_rectified

Point      x          y          z        new_x       new_y       new_z

1 0.000000 0.000000 0.000000 3.464864 -32.567552 -74.857188
2 333.987030 0.000000 0.000000 336.773216 -33.258775 -53.587471
3 0.000000 333.987030 0.000000 2.660606 300.595637 -51.426886
4 333.987030 333.987030 0.000000 335.968958 299.904413 -30.157169
5 0.000000 0.000000 104.000000 -3.157062 -39.864621 28.674947
6 333.987030 0.000000 104.000000 330.151290 -40.555845 49.944664
7 0.000000 333.987030 104.000000 -3.961320 293.298567 52.105249
8 333.987030 333.987030 104.000000 329.347032 292.607344 73.374966

(All distances are in millimeters.)
----------------------------------------------------------------------
