----------------------------------------------------------------------
Transformation Parameters

Patient number: 001
From: ct
To: mr_T1_rectified

Point      x          y          z        new_x       new_y       new_z

1 0.000000 0.000000 0.000000 0.960733 -21.412102 -0.404182
2 333.987030 0.000000 0.000000 334.920808 -23.553096 -4.067589
3 0.000000 333.987030 0.000000 3.114921 312.565852 0.788149
4 333.987030 333.987030 0.000000 337.074996 310.424859 -2.875258
5 0.000000 0.000000 108.000000 2.142850 -21.805271 107.588632
6 333.987030 0.000000 108.000000 336.102925 -23.946264 103.925225
7 0.000000 333.987030 108.000000 4.297038 312.172684 108.780963
8 333.987030 333.987030 108.000000 338.257113 310.031690 105.117556

(All distances are in millimeters.)
----------------------------------------------------------------------
