----------------------------------------------------------------------
Transformation Parameters

Patient number: 001
From: pet
To: mr_PD_rectified

Point      x          y          z        new_x       new_y       new_z

1 0.000000 0.000000 0.000000 4.564513 -8.914046 0.275924
2 329.021826 0.000000 0.000000 333.529167 -15.047105 0.209792
3 0.000000 329.021826 0.000000 10.696985 320.043094 -1.949891
4 329.021826 329.021826 0.000000 339.661638 313.910035 -2.016023
5 0.000000 0.000000 112.000000 4.601144 -8.156924 112.273359
6 329.021826 0.000000 112.000000 333.565797 -14.289982 112.207227
7 0.000000 329.021826 112.000000 10.733615 320.800217 110.047544
8 329.021826 329.021826 112.000000 339.698268 314.667158 109.981412

(All distances are in millimeters.)
----------------------------------------------------------------------
