----------------------------------------------------------------------
Transformation Parameters

Patient number: 001
From: pet
To: mr_T2

Point      x          y          z        new_x       new_y       new_z

1 0.000000 0.000000 0.000000 -0.001624 -9.723096 9.505933
2 329.021826 0.000000 0.000000 328.526391 -15.726996 -7.484017
3 0.000000 329.021826 0.000000 6.274314 319.199007 14.626951
4 329.021826 329.021826 0.000000 334.802329 313.195107 -2.362999
5 0.000000 0.000000 112.000000 5.748243 -11.574005 121.342927
6 329.021826 0.000000 112.000000 334.276258 -17.577905 104.352977
7 0.000000 329.021826 112.000000 12.024180 317.348097 126.463945
8 329.021826 329.021826 112.000000 340.552195 311.344198 109.473995

(All distances are in millimeters.)
----------------------------------------------------------------------
