----------------------------------------------------------------------
Transformation Parameters

Patient number: 001
From: ct
To: mr_PD

Point      x          y          z        new_x       new_y       new_z

1 0.000000 0.000000 0.000000 -1.364301 -20.536247 -3.932186
2 333.987030 0.000000 0.000000 332.604626 -23.937734 -4.654231
3 0.000000 333.987030 0.000000 2.044145 313.417161 -0.639795
4 333.987030 333.987030 0.000000 336.013073 310.015675 -1.361840
5 0.000000 0.000000 108.000000 -1.141683 -21.603219 104.062314
6 333.987030 0.000000 108.000000 332.827245 -25.004705 103.340269
7 0.000000 333.987030 108.000000 2.266764 312.350190 107.354705
8 333.987030 333.987030 108.000000 336.235691 308.948703 106.632660

(All distances are in millimeters.)
----------------------------------------------------------------------
