----------------------------------------------------------------------
Transformation Parameters

Patient number: 001
From: pet
To: mr_PD

Point      x          y          z        new_x       new_y       new_z

1 0.000000 0.000000 0.000000 3.532689 -10.783523 1.256736
2 329.021826 0.000000 0.000000 332.529267 -14.851906 1.008003
3 0.000000 329.021826 0.000000 7.602803 318.204116 3.691805
4 329.021826 329.021826 0.000000 336.599381 314.135733 3.443071
5 0.000000 0.000000 112.000000 3.607101 -11.613411 113.253637
6 329.021826 0.000000 112.000000 332.603679 -15.681794 113.004903
7 0.000000 329.021826 112.000000 7.677215 317.374228 115.688705
8 329.021826 329.021826 112.000000 336.673792 313.305845 115.439972

(All distances are in millimeters.)
----------------------------------------------------------------------
