----------------------------------------------------------------------
Transformation Parameters

Patient number: 001
From: pet
To: mr_T1

Point      x          y          z        new_x       new_y       new_z

1 0.000000 0.000000 0.000000 2.104647 -10.265164 -4.386999
2 329.021826 0.000000 0.000000 330.953649 -13.248054 -14.624115
3 0.000000 329.021826 0.000000 5.687310 318.165362 15.001547
4 329.021826 329.021826 0.000000 334.536311 315.182472 4.764431
5 0.000000 0.000000 112.000000 5.523295 -16.899561 107.364053
6 329.021826 0.000000 112.000000 334.372296 -19.882450 97.126937
7 0.000000 329.021826 112.000000 9.105957 311.530966 126.752599
8 329.021826 329.021826 112.000000 337.954958 308.548076 116.515483

(All distances are in millimeters.)
----------------------------------------------------------------------
