----------------------------------------------------------------------
Transformation Parameters

Patient number: 005
From: ct
To: mr_T2

Point      x          y          z        new_x       new_y       new_z

1 0.000000 0.000000 0.000000 -6.865241 -32.579604 -13.924663
2 333.987030 0.000000 0.000000 327.120077 -32.430648 -14.983398
3 0.000000 333.987030 0.000000 -7.012195 301.406797 -13.293094
4 333.987030 333.987030 0.000000 326.973123 301.555752 -14.351829
5 0.000000 0.000000 128.000000 -6.459375 -32.821472 114.074465
6 333.987030 0.000000 128.000000 327.525943 -32.672516 113.015730
7 0.000000 333.987030 128.000000 -6.606329 301.164928 114.706034
8 333.987030 333.987030 128.000000 327.378989 301.313884 113.647299

(All distances are in millimeters.)
----------------------------------------------------------------------
