----------------------------------------------------------------------
Transformation Parameters

Patient number: 001
From: pet
To: mr_T1_rectified

Point      x          y          z        new_x       new_y       new_z

1 0.000000 0.000000 0.000000 8.567917 -22.394232 6.291992
2 329.021826 0.000000 0.000000 337.588806 -22.000477 6.971092
3 0.000000 329.021826 0.000000 8.175065 306.627067 5.853736
4 329.021826 329.021826 0.000000 337.195955 307.020823 6.532835
5 0.000000 0.000000 112.000000 8.336571 -22.245325 118.291655
6 329.021826 0.000000 112.000000 337.357460 -21.851569 118.970754
7 0.000000 329.021826 112.000000 7.943720 306.775974 117.853398
8 329.021826 329.021826 112.000000 336.964609 307.169730 118.532498

(All distances are in millimeters.)
----------------------------------------------------------------------
