----------------------------------------------------------------------
Transformation Parameters

Patient number: 007
From: ct
To: mr_T2_rectified

Point      x          y          z        new_x       new_y       new_z

1 0.000000 0.000000 0.000000 -3.937254 -21.991057 -5.328640
2 333.987030 0.000000 0.000000 330.049684 -21.965159 -5.576124
3 0.000000 333.987030 0.000000 -3.963305 311.995908 -5.534042
4 333.987030 333.987030 0.000000 330.023633 312.021807 -5.781526
5 0.000000 0.000000 108.000000 -3.857231 -21.924631 102.671310
6 333.987030 0.000000 108.000000 330.129707 -21.898732 102.423826
7 0.000000 333.987030 108.000000 -3.883282 312.062335 102.465908
8 333.987030 333.987030 108.000000 330.103656 312.088233 102.218424

(All distances are in millimeters.)
----------------------------------------------------------------------
