----------------------------------------------------------------------
Transformation Parameters

Patient number: 005
From: ct
To: mr_T1

Point      x          y          z        new_x       new_y       new_z

1 0.000000 0.000000 0.000000 -5.111766 -33.155858 -21.444714
2 333.987030 0.000000 0.000000 328.875206 -33.312840 -21.326149
3 0.000000 333.987030 0.000000 -4.954792 300.831134 -21.423005
4 333.987030 333.987030 0.000000 329.032180 300.674153 -21.304440
5 0.000000 0.000000 128.000000 -5.157210 -33.164157 106.555278
6 333.987030 0.000000 128.000000 328.829762 -33.321138 106.673843
7 0.000000 333.987030 128.000000 -5.000236 300.822836 106.576987
8 333.987030 333.987030 128.000000 328.986736 300.665854 106.695552

(All distances are in millimeters.)
----------------------------------------------------------------------
