----------------------------------------------------------------------
Transformation Parameters

Patient number: 004
From: ct
To: mr_T2

Point      x          y          z        new_x       new_y       new_z

1 0.000000 0.000000 0.000000 -1.165078 -30.295088 -38.266744
2 333.987030 0.000000 0.000000 332.821925 -30.333992 -38.137157
3 0.000000 333.987030 0.000000 -1.126001 303.691641 -38.712950
4 333.987030 333.987030 0.000000 332.861001 303.652738 -38.583364
5 0.000000 0.000000 104.000000 -1.205413 -30.156140 65.733156
6 333.987030 0.000000 104.000000 332.781589 -30.195043 65.862742
7 0.000000 333.987030 104.000000 -1.166337 303.830590 65.286949
8 333.987030 333.987030 104.000000 332.820666 303.791687 65.416536

(All distances are in millimeters.)
----------------------------------------------------------------------
