----------------------------------------------------------------------
Transformation Parameters

Patient number: 006
From: pet
To: mr_T2_rectified

Point      x          y          z        new_x       new_y       new_z

1 0.000000 0.000000 0.000000 39.687943 27.461908 -44.138554
2 329.021826 0.000000 0.000000 368.709511 27.871453 -44.099730
3 0.000000 329.021826 0.000000 39.278312 356.482651 -43.400230
4 329.021826 329.021826 0.000000 368.299880 356.892196 -43.361405
5 0.000000 0.000000 112.000000 39.675040 27.210564 67.861163
6 329.021826 0.000000 112.000000 368.696608 27.620109 67.899988
7 0.000000 329.021826 112.000000 39.265409 356.231307 68.599488
8 329.021826 329.021826 112.000000 368.286977 356.640852 68.638312

(All distances are in millimeters.)
----------------------------------------------------------------------
