----------------------------------------------------------------------
Transformation Parameters

Patient number: 007
From: ct
To: mr_T2

Point      x          y          z        new_x       new_y       new_z

1 0.000000 0.000000 0.000000 -5.773075 -23.111615 -1.142353
2 333.987030 0.000000 0.000000 328.213827 -23.356905 -1.300662
3 0.000000 333.987030 0.000000 -5.527929 310.875187 -1.446281
4 333.987030 333.987030 0.000000 328.458973 310.629896 -1.604591
5 0.000000 0.000000 108.000000 -5.721811 -23.013372 106.857591
6 333.987030 0.000000 108.000000 328.265091 -23.258663 106.699281
7 0.000000 333.987030 108.000000 -5.476665 310.973429 106.553662
8 333.987030 333.987030 108.000000 328.510237 310.728139 106.395353

(All distances are in millimeters.)
----------------------------------------------------------------------
