----------------------------------------------------------------------
Transformation Parameters

Patient number: 007
From: pet
To: mr_T2_rectified

Point      x          y          z        new_x       new_y       new_z

1 0.000000 0.000000 0.000000 18.578188 6.955719 -47.154067
2 329.021826 0.000000 0.000000 347.598129 6.774946 -46.055137
3 0.000000 329.021826 0.000000 18.760466 335.977186 -47.604497
4 329.021826 329.021826 0.000000 347.780406 335.796413 -46.505568
5 0.000000 0.000000 112.000000 18.204193 7.109253 64.845204
6 329.021826 0.000000 112.000000 347.224134 6.928480 65.944133
7 0.000000 329.021826 112.000000 18.386471 336.130720 64.394773
8 329.021826 329.021826 112.000000 347.406412 335.949947 65.493703

(All distances are in millimeters.)
----------------------------------------------------------------------
