----------------------------------------------------------------------
Transformation Parameters

Patient number: 001
From: ct
To: mr_T1_rectified

Point      x          y          z        new_x       new_y       new_z

1 0.000000 0.000000 0.000000 2.949803 -21.962395 -1.160926
2 333.987030 0.000000 0.000000 336.934681 -22.507814 -2.228681
3 0.000000 333.987030 0.000000 3.494870 312.024171 -1.271810
4 333.987030 333.987030 0.000000 337.479747 311.478753 -2.339564
5 0.000000 0.000000 108.000000 3.295137 -21.927103 106.838516
6 333.987030 0.000000 108.000000 337.280014 -22.472521 105.770762
7 0.000000 333.987030 108.000000 3.840203 312.059464 106.727633
8 333.987030 333.987030 108.000000 337.825081 311.514045 105.659878

(All distances are in millimeters.)
----------------------------------------------------------------------
