----------------------------------------------------------------------
Transformation Parameters

Patient number: 003
From: ct
To: mr_PD

Point      x          y          z        new_x       new_y       new_z

1 0.000000 0.000000 0.000000 1.596146 -39.624272 -53.149040
2 333.987030 0.000000 0.000000 335.582032 -40.171562 -53.830707
3 0.000000 333.987030 0.000000 2.143551 294.362305 -53.093598
4 333.987030 333.987030 0.000000 336.129436 293.815015 -53.775265
5 0.000000 0.000000 132.000000 1.865522 -39.646625 78.850683
6 333.987030 0.000000 132.000000 335.851408 -40.193915 78.169016
7 0.000000 333.987030 132.000000 2.412926 294.339952 78.906125
8 333.987030 333.987030 132.000000 336.398812 293.792662 78.224458

(All distances are in millimeters.)
----------------------------------------------------------------------
