----------------------------------------------------------------------
Transformation Parameters

Patient number: 006
From: pet
To: mr_PD_rectified

Point      x          y          z        new_x       new_y       new_z

1 0.000000 0.000000 0.000000 29.051305 20.854149 -65.786165
2 329.021826 0.000000 0.000000 358.071400 20.980820 -64.726391
3 0.000000 329.021826 0.000000 28.922000 349.874933 -64.968546
4 329.021826 329.021826 0.000000 357.942095 350.001605 -63.908772
5 0.000000 0.000000 112.000000 28.690663 20.575689 46.212908
6 329.021826 0.000000 112.000000 357.710758 20.702360 47.272682
7 0.000000 329.021826 112.000000 28.561358 349.596473 47.030527
8 329.021826 329.021826 112.000000 357.581453 349.723145 48.090301

(All distances are in millimeters.)
----------------------------------------------------------------------
