----------------------------------------------------------------------
Transformation Parameters

Patient number: 007
From: ct
To: mr_PD

Point      x          y          z        new_x       new_y       new_z

1 0.000000 0.000000 0.000000 -6.735659 -21.250574 -5.930857
2 333.987030 0.000000 0.000000 327.251263 -21.476694 -6.077143
3 0.000000 333.987030 0.000000 -6.509216 312.735559 -5.191076
4 333.987030 333.987030 0.000000 327.477705 312.509440 -5.337362
5 0.000000 0.000000 108.000000 -6.688517 -21.489826 102.068868
6 333.987030 0.000000 108.000000 327.298404 -21.715945 101.922582
7 0.000000 333.987030 108.000000 -6.462074 312.496308 102.808649
8 333.987030 333.987030 108.000000 327.524847 312.270189 102.662363

(All distances are in millimeters.)
----------------------------------------------------------------------
