----------------------------------------------------------------------
Transformation Parameters

Patient number: 002
From: pet
To: mr_PD_rectified

Point      x          y          z        new_x       new_y       new_z

1 0.000000 0.000000 0.000000 17.274594 20.288057 -62.504931
2 329.021826 0.000000 0.000000 346.295166 20.707248 -61.699158
3 0.000000 329.021826 0.000000 16.856407 349.309361 -62.915551
4 329.021826 329.021826 0.000000 345.876979 349.728552 -62.109778
5 0.000000 0.000000 112.000000 17.000128 20.427484 49.494646
6 329.021826 0.000000 112.000000 346.020701 20.846675 50.300419
7 0.000000 329.021826 112.000000 16.581942 349.448788 49.084026
8 329.021826 329.021826 112.000000 345.602514 349.867979 49.889799

(All distances are in millimeters.)
----------------------------------------------------------------------
