----------------------------------------------------------------------
Transformation Parameters

Patient number: 007
From: pet
To: mr_T2

Point      x          y          z        new_x       new_y       new_z

1 0.000000 0.000000 0.000000 37.557904 6.524802 -39.258149
2 329.021826 0.000000 0.000000 366.577418 6.200708 -38.068081
3 0.000000 329.021826 0.000000 37.883307 335.546268 -39.619415
4 329.021826 329.021826 0.000000 366.902821 335.222174 -38.429347
5 0.000000 0.000000 112.000000 37.152923 6.648177 72.741051
6 329.021826 0.000000 112.000000 366.172437 6.324084 73.931119
7 0.000000 329.021826 112.000000 37.478325 335.669644 72.379785
8 329.021826 329.021826 112.000000 366.497839 335.345550 73.569853

(All distances are in millimeters.)
----------------------------------------------------------------------
