----------------------------------------------------------------------
Transformation Parameters

Patient number: 002
From: ct
To: mr_T2_rectified

Point      x          y          z        new_x       new_y       new_z

1 0.000000 0.000000 0.000000 3.044858 -30.720991 -20.998209
2 333.987030 0.000000 0.000000 337.031698 -30.939168 -20.716992
3 0.000000 333.987030 0.000000 3.262951 303.265953 -20.898681
4 333.987030 333.987030 0.000000 337.249792 303.047776 -20.617464
5 0.000000 0.000000 112.000000 2.950532 -30.754306 91.001746
6 333.987030 0.000000 112.000000 336.937373 -30.972483 91.282963
7 0.000000 333.987030 112.000000 3.168626 303.232638 91.101274
8 333.987030 333.987030 112.000000 337.155466 303.014461 91.382491

(All distances are in millimeters.)
----------------------------------------------------------------------
