----------------------------------------------------------------------
Transformation Parameters

Patient number: 007
From: pet
To: mr_PD_rectified

Point      x          y          z        new_x       new_y       new_z

1 0.000000 0.000000 0.000000 24.647244 5.781779 -39.830588
2 329.021826 0.000000 0.000000 353.668830 6.024608 -40.144474
3 0.000000 329.021826 0.000000 24.405084 334.802769 -39.129772
4 329.021826 329.021826 0.000000 353.426671 335.045598 -39.443659
5 0.000000 0.000000 112.000000 24.754267 5.543298 72.169107
6 329.021826 0.000000 112.000000 353.775854 5.786126 71.855220
7 0.000000 329.021826 112.000000 24.512108 334.564288 72.869922
8 329.021826 329.021826 112.000000 353.533694 334.807117 72.556036

(All distances are in millimeters.)
----------------------------------------------------------------------
