----------------------------------------------------------------------
Transformation Parameters

Patient number: 006
From: ct
To: mr_T1

Point      x          y          z        new_x       new_y       new_z

1 0.000000 0.000000 0.000000 -7.843207 -31.051527 -24.897620
2 333.987030 0.000000 0.000000 326.143674 -30.884992 -24.630431
3 0.000000 333.987030 0.000000 -8.009533 302.935358 -25.160468
4 333.987030 333.987030 0.000000 325.977349 303.101894 -24.893279
5 0.000000 0.000000 116.000000 -7.936053 -30.960282 91.102307
6 333.987030 0.000000 116.000000 326.050829 -30.793746 91.369496
7 0.000000 333.987030 116.000000 -8.102378 303.026604 90.839459
8 333.987030 333.987030 116.000000 325.884503 303.193139 91.106648

(All distances are in millimeters.)
----------------------------------------------------------------------
