----------------------------------------------------------------------
Transformation Parameters

Patient number: 001
From: ct
To: mr_PD_rectified

Point      x          y          z        new_x       new_y       new_z

1 0.000000 0.000000 0.000000 3.455296 -22.370176 -1.530257
2 333.987030 0.000000 0.000000 337.442231 -22.417306 -1.777407
3 0.000000 333.987030 0.000000 3.502722 311.616611 -1.130140
4 333.987030 333.987030 0.000000 337.489657 311.569481 -1.377290
5 0.000000 0.000000 108.000000 3.535197 -22.499571 106.469636
6 333.987030 0.000000 108.000000 337.522132 -22.546701 106.222486
7 0.000000 333.987030 108.000000 3.582623 311.487216 106.869753
8 333.987030 333.987030 108.000000 337.569559 311.440086 106.622603

(All distances are in millimeters.)
----------------------------------------------------------------------
