----------------------------------------------------------------------
Transformation Parameters

Patient number: 001
From: ct
To: mr_T2

Point      x          y          z        new_x       new_y       new_z

1 0.000000 0.000000 0.000000 1.820172 -25.933180 -10.169842
2 333.987030 0.000000 0.000000 335.807124 -25.746693 -10.036248
3 0.000000 333.987030 0.000000 1.633808 308.053657 -10.475774
4 333.987030 333.987030 0.000000 335.620759 308.240145 -10.342180
5 0.000000 0.000000 108.000000 1.776917 -25.834277 97.830104
6 333.987030 0.000000 108.000000 335.763868 -25.647789 97.963698
7 0.000000 333.987030 108.000000 1.590552 308.152561 97.524172
8 333.987030 333.987030 108.000000 335.577504 308.339048 97.657766

(All distances are in millimeters.)
----------------------------------------------------------------------
