----------------------------------------------------------------------
Transformation Parameters

Patient number: 006
From: ct
To: mr_PD

Point      x          y          z        new_x       new_y       new_z

1 0.000000 0.000000 0.000000 -8.560632 -32.467580 -24.716167
2 333.987030 0.000000 0.000000 325.426329 -32.681669 -24.709487
3 0.000000 333.987030 0.000000 -8.346547 301.519337 -24.543495
4 333.987030 333.987030 0.000000 325.640415 301.305248 -24.536816
5 0.000000 0.000000 116.000000 -8.562991 -32.527550 91.283818
6 333.987030 0.000000 116.000000 325.423971 -32.741639 91.290497
7 0.000000 333.987030 116.000000 -8.348905 301.459367 91.456489
8 333.987030 333.987030 116.000000 325.638056 301.245278 91.463169

(All distances are in millimeters.)
----------------------------------------------------------------------
