----------------------------------------------------------------------
Transformation Parameters

Patient number: 005
From: ct
To: mr_T2_rectified

Point      x          y          z        new_x       new_y       new_z

1 0.000000 0.000000 0.000000 -6.083029 -33.438977 -17.094746
2 333.987030 0.000000 0.000000 327.903758 -33.449446 -16.692292
3 0.000000 333.987030 0.000000 -6.073010 300.547845 -16.721683
4 333.987030 333.987030 0.000000 327.913778 300.537376 -16.319229
5 0.000000 0.000000 128.000000 -6.237274 -33.581948 110.905081
6 333.987030 0.000000 128.000000 327.749514 -33.592417 111.307535
7 0.000000 333.987030 128.000000 -6.227254 300.404874 111.278144
8 333.987030 333.987030 128.000000 327.759533 300.394405 111.680598

(All distances are in millimeters.)
----------------------------------------------------------------------
