----------------------------------------------------------------------
Transformation Parameters

Patient number: 006
From: ct
To: mr_T2

Point      x          y          z        new_x       new_y       new_z

1 0.000000 0.000000 0.000000 -7.906623 -35.204435 -9.452839
2 333.987030 0.000000 0.000000 326.080359 -35.210948 -9.632524
3 0.000000 333.987030 0.000000 -7.900277 298.782450 -9.764115
4 333.987030 333.987030 0.000000 326.086705 298.775936 -9.943800
5 0.000000 0.000000 116.000000 -7.844213 -35.096324 106.547094
6 333.987030 0.000000 116.000000 326.142769 -35.102838 106.367409
7 0.000000 333.987030 116.000000 -7.837867 298.890560 106.235818
8 333.987030 333.987030 116.000000 326.149115 298.884047 106.056133

(All distances are in millimeters.)
----------------------------------------------------------------------
