----------------------------------------------------------------------
Transformation Parameters

Patient number: 003
From: ct
To: mr_T1

Point      x          y          z        new_x       new_y       new_z

1 0.000000 0.000000 0.000000 -0.632207 -31.296960 -37.153267
2 333.987030 0.000000 0.000000 333.354614 -31.329113 -36.780872
3 0.000000 333.987030 0.000000 -0.600145 302.690058 -37.073110
4 333.987030 333.987030 0.000000 333.386676 302.657906 -36.700715
5 0.000000 0.000000 132.000000 -0.779390 -31.328626 94.846647
6 333.987030 0.000000 132.000000 333.207431 -31.360778 95.219042
7 0.000000 333.987030 132.000000 -0.747328 302.658393 94.926804
8 333.987030 333.987030 132.000000 333.239493 302.626240 95.299199

(All distances are in millimeters.)
----------------------------------------------------------------------
