----------------------------------------------------------------------
Transformation Parameters

Patient number: 001
From: ct
To: mr_PD

Point      x          y          z        new_x       new_y       new_z

1 0.000000 0.000000 0.000000 1.103633 -23.096232 -1.092295
2 333.987030 0.000000 0.000000 335.090258 -23.371444 -1.533826
3 0.000000 333.987030 0.000000 1.378504 310.890585 -1.349799
4 333.987030 333.987030 0.000000 335.365129 310.615374 -1.791330
5 0.000000 0.000000 108.000000 1.246477 -23.013082 106.907578
6 333.987030 0.000000 108.000000 335.233102 -23.288293 106.466047
7 0.000000 333.987030 108.000000 1.521348 310.973736 106.650074
8 333.987030 333.987030 108.000000 335.507973 310.698524 106.208543

(All distances are in millimeters.)
----------------------------------------------------------------------
