----------------------------------------------------------------------
Transformation Parameters

Patient number: 003
From: ct
To: mr_T1_rectified

Point      x          y          z        new_x       new_y       new_z

1 0.000000 0.000000 0.000000 1.627526 -30.951272 -36.748765
2 333.987030 0.000000 0.000000 335.613984 -31.302107 -36.240106
3 0.000000 333.987030 0.000000 1.976875 303.034152 -35.773525
4 333.987030 333.987030 0.000000 335.963333 302.683316 -35.264865
5 0.000000 0.000000 132.000000 1.426087 -31.336500 95.250519
6 333.987030 0.000000 132.000000 335.412545 -31.687336 95.759179
7 0.000000 333.987030 132.000000 1.775436 302.648923 96.225760
8 333.987030 333.987030 132.000000 335.761894 302.298088 96.734419

(All distances are in millimeters.)
----------------------------------------------------------------------
