----------------------------------------------------------------------
Transformation Parameters

Patient number: 007
From: ct
To: mr_T1

Point      x          y          z        new_x       new_y       new_z

1 0.000000 0.000000 0.000000 -6.634050 -23.602201 -8.830771
2 333.987030 0.000000 0.000000 327.351183 -24.081958 -9.816031
3 0.000000 333.987030 0.000000 -6.154778 310.384444 -8.996094
4 333.987030 333.987030 0.000000 327.830454 309.904687 -9.981354
5 0.000000 0.000000 108.000000 -6.315374 -23.549199 99.168746
6 333.987030 0.000000 108.000000 327.669858 -24.028956 98.183486
7 0.000000 333.987030 108.000000 -5.836103 310.437446 99.003423
8 333.987030 333.987030 108.000000 328.149130 309.957689 98.018163

(All distances are in millimeters.)
----------------------------------------------------------------------
