----------------------------------------------------------------------
Transformation Parameters

Patient number: 005
From: pet
To: mr_T2

Point      x          y          z        new_x       new_y       new_z

1 0.000000 0.000000 0.000000 45.740414 18.897385 -30.992198
2 246.766339 0.000000 0.000000 292.504242 18.447895 -29.973796
3 0.000000 246.766339 0.000000 46.190762 265.663226 -31.199235
4 246.766339 246.766339 0.000000 292.954590 265.213736 -30.180833
5 0.000000 0.000000 112.000000 45.278363 18.992195 81.006809
6 246.766339 0.000000 112.000000 292.042191 18.542705 82.025211
7 0.000000 246.766339 112.000000 45.728711 265.758036 80.799772
8 246.766339 246.766339 112.000000 292.492540 265.308546 81.818174

(All distances are in millimeters.)
----------------------------------------------------------------------
