----------------------------------------------------------------------
Transformation Parameters

Patient number: 006
From: pet
To: mr_T2

Point      x          y          z        new_x       new_y       new_z

1 0.000000 0.000000 0.000000 19.878889 30.131664 -56.172411
2 329.021826 0.000000 0.000000 348.900503 30.332334 -56.486956
3 0.000000 329.021826 0.000000 19.678515 359.153282 -55.862473
4 329.021826 329.021826 0.000000 348.700129 359.353953 -56.177018
5 0.000000 0.000000 112.000000 19.986025 30.026225 55.827488
6 329.021826 0.000000 112.000000 349.007639 30.226895 55.512943
7 0.000000 329.021826 112.000000 19.785651 359.047844 56.137426
8 329.021826 329.021826 112.000000 348.807265 359.248514 55.822881

(All distances are in millimeters.)
----------------------------------------------------------------------
