----------------------------------------------------------------------
Transformation Parameters

Patient number: 005
From: ct
To: mr_T1_rectified

Point      x          y          z        new_x       new_y       new_z

1 0.000000 0.000000 0.000000 -5.100289 -33.906983 -17.730536
2 333.987030 0.000000 0.000000 328.886019 -33.907969 -17.036178
3 0.000000 333.987030 0.000000 -5.099621 300.080012 -17.577570
4 333.987030 333.987030 0.000000 328.886687 300.079026 -16.883212
5 0.000000 0.000000 128.000000 -5.366401 -33.965606 110.269174
6 333.987030 0.000000 128.000000 328.619907 -33.966592 110.963532
7 0.000000 333.987030 128.000000 -5.365733 300.021389 110.422140
8 333.987030 333.987030 128.000000 328.620575 300.020403 111.116498

(All distances are in millimeters.)
----------------------------------------------------------------------
