----------------------------------------------------------------------
Transformation Parameters

Patient number: 002
From: pet
To: mr_T2_rectified

Point      x          y          z        new_x       new_y       new_z

1 0.000000 0.000000 0.000000 20.721252 24.232139 -44.009683
2 329.021826 0.000000 0.000000 349.742842 24.578691 -44.196896
3 0.000000 329.021826 0.000000 20.374463 353.253518 -44.426882
4 329.021826 329.021826 0.000000 349.396053 353.600069 -44.614095
5 0.000000 0.000000 112.000000 20.784830 24.374222 67.990209
6 329.021826 0.000000 112.000000 349.806420 24.720774 67.802996
7 0.000000 329.021826 112.000000 20.438042 353.395601 67.573010
8 329.021826 329.021826 112.000000 349.459632 353.742152 67.385797

(All distances are in millimeters.)
----------------------------------------------------------------------
