----------------------------------------------------------------------
Transformation Parameters

Patient number: 003
From: ct
To: mr_PD_rectified

Point      x          y          z        new_x       new_y       new_z

1 0.000000 0.000000 0.000000 -0.860973 -37.944113 -52.000668
2 333.987030 0.000000 0.000000 333.123125 -39.049719 -52.858679
3 0.000000 333.987030 0.000000 0.245523 296.040906 -51.655325
4 333.987030 333.987030 0.000000 334.229621 294.935299 -52.513336
5 0.000000 0.000000 132.000000 -0.522319 -38.081723 79.998826
6 333.987030 0.000000 132.000000 333.461779 -39.187329 79.140815
7 0.000000 333.987030 132.000000 0.584177 295.903295 80.344169
8 333.987030 333.987030 132.000000 334.568275 294.797689 79.486158

(All distances are in millimeters.)
----------------------------------------------------------------------
