----------------------------------------------------------------------
Transformation Parameters

Patient number: 006
From: ct
To: mr_PD_rectified

Point      x          y          z        new_x       new_y       new_z

1 0.000000 0.000000 0.000000 -6.158144 -30.933349 -23.568891
2 333.987030 0.000000 0.000000 327.828851 -31.074615 -23.624333
3 0.000000 333.987030 0.000000 -6.016868 303.053645 -23.504097
4 333.987030 333.987030 0.000000 327.970128 302.912379 -23.559539
5 0.000000 0.000000 116.000000 -6.138898 -30.955861 92.431105
6 333.987030 0.000000 116.000000 327.848098 -31.097127 92.375663
7 0.000000 333.987030 116.000000 -5.997621 303.031133 92.495899
8 333.987030 333.987030 116.000000 327.989374 302.889867 92.440457

(All distances are in millimeters.)
----------------------------------------------------------------------
