----------------------------------------------------------------------
Transformation Parameters

Patient number: 004
From: ct
To: mr_T1

Point      x          y          z        new_x       new_y       new_z

1 0.000000 0.000000 0.000000 -0.621927 -29.850857 -33.540719
2 333.987030 0.000000 0.000000 333.365049 -29.703544 -33.661622
3 0.000000 333.987030 0.000000 -0.769549 304.135048 -34.395057
4 333.987030 333.987030 0.000000 333.217427 304.282361 -34.515960
5 0.000000 0.000000 104.000000 -0.584397 -29.584809 70.458934
6 333.987030 0.000000 104.000000 333.402579 -29.437496 70.338031
7 0.000000 333.987030 104.000000 -0.732018 304.401096 69.604596
8 333.987030 333.987030 104.000000 333.254957 304.548409 69.483693

(All distances are in millimeters.)
----------------------------------------------------------------------
