----------------------------------------------------------------------
Transformation Parameters

Patient number: 002
From: ct
To: mr_T1

Point      x          y          z        new_x       new_y       new_z

1 0.000000 0.000000 0.000000 0.926623 -26.337693 -17.905896
2 333.987030 0.000000 0.000000 334.913503 -26.021706 -17.922595
3 0.000000 333.987030 0.000000 0.610672 307.648461 -17.208865
4 333.987030 333.987030 0.000000 334.597552 307.964447 -17.225564
5 0.000000 0.000000 112.000000 0.932444 -26.571431 94.093860
6 333.987030 0.000000 112.000000 334.919324 -26.255445 94.077161
7 0.000000 333.987030 112.000000 0.616493 307.414722 94.790891
8 333.987030 333.987030 112.000000 334.603373 307.730709 94.774192

(All distances are in millimeters.)
----------------------------------------------------------------------
