----------------------------------------------------------------------
Transformation Parameters

Patient number: 006
From: pet
To: mr_PD

Point      x          y          z        new_x       new_y       new_z

1 0.000000 0.000000 0.000000 23.211033 12.074233 -51.472065
2 329.021826 0.000000 0.000000 352.231306 12.151841 -52.479858
3 0.000000 329.021826 0.000000 23.134042 341.095988 -51.270704
4 329.021826 329.021826 0.000000 352.154315 341.173596 -52.278496
5 0.000000 0.000000 112.000000 23.554105 12.005770 60.527388
6 329.021826 0.000000 112.000000 352.574378 12.083377 59.519596
7 0.000000 329.021826 112.000000 23.477113 341.027525 60.728750
8 329.021826 329.021826 112.000000 352.497387 341.105133 59.720957

(All distances are in millimeters.)
----------------------------------------------------------------------
