----------------------------------------------------------------------
Transformation Parameters

Patient number: 004
From: ct
To: mr_PD_rectified

Point      x          y          z        new_x       new_y       new_z

1 0.000000 0.000000 0.000000 0.810341 -31.055154 -33.486312
2 333.987030 0.000000 0.000000 334.797179 -31.277200 -33.767529
3 0.000000 333.987030 0.000000 1.032443 302.931796 -33.421184
4 333.987030 333.987030 0.000000 335.019280 302.709750 -33.702401
5 0.000000 0.000000 104.000000 0.897896 -31.075492 70.513649
6 333.987030 0.000000 104.000000 334.884733 -31.297538 70.232432
7 0.000000 333.987030 104.000000 1.119997 302.911458 70.578777
8 333.987030 333.987030 104.000000 335.106835 302.689412 70.297560

(All distances are in millimeters.)
----------------------------------------------------------------------
