----------------------------------------------------------------------
Transformation Parameters

Patient number: 007
From: pet
To: mr_T1_rectified

Point      x          y          z        new_x       new_y       new_z

1 0.000000 0.000000 0.000000 16.768031 -2.341832 21.479679
2 329.021826 0.000000 0.000000 345.788906 -1.580596 21.264828
3 0.000000 329.021826 0.000000 16.007004 326.678958 21.800147
4 329.021826 329.021826 0.000000 345.027879 327.440194 21.585296
5 0.000000 0.000000 112.000000 16.841419 -2.450750 133.479602
6 329.021826 0.000000 112.000000 345.862294 -1.689514 133.264751
7 0.000000 329.021826 112.000000 16.080392 326.570039 133.800070
8 329.021826 329.021826 112.000000 345.101267 327.331275 133.585219

(All distances are in millimeters.)
----------------------------------------------------------------------
