----------------------------------------------------------------------
Transformation Parameters

Patient number: 002
From: pet
To: mr_PD

Point      x          y          z        new_x       new_y       new_z

1 0.000000 0.000000 0.000000 14.121263 24.896608 -30.581470
2 329.021826 0.000000 0.000000 343.143030 24.976561 -30.760128
3 0.000000 329.021826 0.000000 14.040982 353.917868 -31.185882
4 329.021826 329.021826 0.000000 343.062749 353.997822 -31.364541
5 0.000000 0.000000 112.000000 14.182029 25.102366 81.418325
6 329.021826 0.000000 112.000000 343.203796 25.182319 81.239666
7 0.000000 329.021826 112.000000 14.101747 354.123627 80.813912
8 329.021826 329.021826 112.000000 343.123515 354.203580 80.635254

(All distances are in millimeters.)
----------------------------------------------------------------------
