----------------------------------------------------------------------
Transformation Parameters

Patient number: 001
From: pet
To: mr_T2

Point      x          y          z        new_x       new_y       new_z

1 0.000000 0.000000 0.000000 29.272487 -61.919211 -48.545978
2 329.021826 0.000000 0.000000 358.292088 -62.173371 -49.728807
3 0.000000 329.021826 0.000000 29.524188 267.101807 -49.230343
4 329.021826 329.021826 0.000000 358.543790 266.847646 -50.413172
5 0.000000 0.000000 112.000000 29.675304 -61.686561 63.453056
6 329.021826 0.000000 112.000000 358.694906 -61.940721 62.270227
7 0.000000 329.021826 112.000000 29.927005 267.334457 62.768691
8 329.021826 329.021826 112.000000 358.946607 267.080297 61.585862

(All distances are in millimeters.)
----------------------------------------------------------------------
