----------------------------------------------------------------------
Transformation Parameters

Patient number: 009
From: pet
To: mr_T2

Point      x          y          z        new_x       new_y       new_z

1 0.000000 0.000000 0.000000 26.049766 -37.648182 -72.575343
2 329.021826 0.000000 0.000000 355.070849 -37.922807 -71.932435
3 0.000000 329.021826 0.000000 26.325157 291.373296 -72.967208
4 329.021826 329.021826 0.000000 355.346240 291.098671 -72.324300
5 0.000000 0.000000 112.000000 25.831030 -37.514607 39.424364
6 329.021826 0.000000 112.000000 354.852113 -37.789232 40.067272
7 0.000000 329.021826 112.000000 26.106421 291.506870 39.032499
8 329.021826 329.021826 112.000000 355.127504 291.232245 39.675407

(All distances are in millimeters.)
----------------------------------------------------------------------
