----------------------------------------------------------------------
Transformation Parameters

Patient number: 007
From: ct
To: mr_T1_rectified

Point      x          y          z        new_x       new_y       new_z

1 0.000000 0.000000 0.000000 -3.822737 -22.206614 -6.712345
2 333.987030 0.000000 0.000000 330.164064 -22.066701 -7.077727
3 0.000000 333.987030 0.000000 -3.962344 311.780269 -6.431796
4 333.987030 333.987030 0.000000 330.024457 311.920182 -6.797178
5 0.000000 0.000000 108.000000 -3.704547 -22.297284 101.287552
6 333.987030 0.000000 108.000000 330.282254 -22.157371 100.922170
7 0.000000 333.987030 108.000000 -3.844154 311.689599 101.568101
8 333.987030 333.987030 108.000000 330.142647 311.829512 101.202719

(All distances are in millimeters.)
----------------------------------------------------------------------
