----------------------------------------------------------------------
Transformation Parameters

Patient number: 001
From: pet
To: mr_PD_rectified

Point      x          y          z        new_x       new_y       new_z

1 0.000000 0.000000 0.000000 15.722680 -34.237693 -41.091528
2 329.021826 0.000000 0.000000 344.744372 -34.045592 -41.318223
3 0.000000 329.021826 0.000000 15.529874 294.782483 -42.115442
4 329.021826 329.021826 0.000000 344.551566 294.974584 -42.342137
5 0.000000 0.000000 112.000000 15.799644 -33.889105 70.907903
6 329.021826 0.000000 112.000000 344.821335 -33.697003 70.681208
7 0.000000 329.021826 112.000000 15.606838 295.131072 69.883989
8 329.021826 329.021826 112.000000 344.628530 295.323173 69.657294

(All distances are in millimeters.)
----------------------------------------------------------------------
