-------------------------------------------------------------
Transformation Parameters

Patient number: 004
From: ct
To: mr_T1_rectified

Point      x          y          z        new_x       new_y       new_z

  1     0.0000     0.0000     0.0000    19.8161   -55.5849    -2.9811
  2   333.9870     0.0000     0.0000   353.2976   -40.1826   -12.9895
  3     0.0000   333.9870     0.0000     5.2983   276.9130    24.9779
  4   333.9870   333.9870     0.0000   338.7798   292.3153    14.9694
  5     0.0000     0.0000   104.0000    23.3202   -64.1424   100.6070
  6   333.9870     0.0000   104.0000   356.8018   -48.7401    90.5986
  7     0.0000   333.9870   104.0000     8.8024   268.3555   128.5660
  8   333.9870   333.9870   104.0000   342.2840   283.7578   118.5575

(All distances are in millimeters.)
-------------------------------------------------------------
