-------------------------------------------------------------
Transformation Parameters

Patient number: 002
From: ct
To: mr_T1_rectified

Point      x          y          z        new_x       new_y       new_z

  1     0.0000     0.0000     0.0000    20.9963   -48.6879    11.1659
  2   333.9870     0.0000     0.0000   354.4194   -29.2891    10.8748
  3     0.0000   333.9870     0.0000     1.5970   284.7349    10.6727
  4   333.9870   333.9870     0.0000   335.0201   304.1337    10.3815
  5     0.0000     0.0000   112.0000    21.0842   -48.5172   123.1658
  6   333.9870     0.0000   112.0000   354.5072   -29.1183   122.8746
  7     0.0000   333.9870   112.0000     1.6849   284.9057   122.6725
  8   333.9870   333.9870   112.0000   335.1079   304.3045   122.3814

(All distances are in millimeters.)
-------------------------------------------------------------
