-------------------------------------------------------------
Transformation Parameters

Patient number: 002
From: pet
To: mr_PD_rectified

Point      x          y          z        new_x       new_y       new_z

  1     0.0000     0.0000     0.0000     2.7095     1.3542   -10.1335
  2   329.0218     0.0000     0.0000   331.6888     1.3758    -4.8424
  3     0.0000   329.0218     0.0000     2.6055   330.3361    -5.0089
  4   329.0218   329.0218     0.0000   331.5848   330.3577     0.2822
  5     0.0000     0.0000   112.0000     0.9087    -0.3905   101.8384
  6   329.0218     0.0000   112.0000   329.8880    -0.3690   107.1295
  7     0.0000   329.0218   112.0000     0.8047   328.5913   106.9631
  8   329.0218   329.0218   112.0000   329.7840   328.6129   112.2541

(All distances are in millimeters.)
-------------------------------------------------------------
