-------------------------------------------------------------
Transformation Parameters

Patient number: 006
From: ct
To: mr_T2_rectified

Point      x          y          z        new_x       new_y       new_z

  1     0.0000     0.0000     0.0000    -9.0202   -64.4488    11.6975
  2   333.9870     0.0000     0.0000   324.6949   -50.9757    11.9029
  3     0.0000   333.9870     0.0000   -22.4928   269.2652    10.8193
  4   333.9870   333.9870     0.0000   311.2224   282.7383    11.0247
  5     0.0000     0.0000   116.0000    -9.1038   -64.1469   127.6971
  6   333.9870     0.0000   116.0000   324.6113   -50.6738   127.9025
  7     0.0000   333.9870   116.0000   -22.5763   269.5671   126.8189
  8   333.9870   333.9870   116.0000   311.1388   283.0402   127.0242

(All distances are in millimeters.)
-------------------------------------------------------------
