-------------------------------------------------------------
Transformation Parameters

Patient number: 001
From: pet
To: mr_T2

Point      x          y          z        new_x       new_y       new_z

  1     0.0000     0.0000     0.0000     4.8800   -14.9918     6.8823
  2   329.0218     0.0000     0.0000   333.8536   -13.5322     1.4394
  3     0.0000   329.0218     0.0000     3.4410   314.0245     8.1396
  4   329.0218   329.0218     0.0000   332.4146   315.4841     2.6968
  5     0.0000     0.0000   112.0000     6.7347   -15.4116   118.8661
  6   329.0218     0.0000   112.0000   335.7082   -13.9520   113.4233
  7     0.0000   329.0218   112.0000     5.2956   313.6046   120.1235
  8   329.0218   329.0218   112.0000   334.2692   315.0643   114.6806

(All distances are in millimeters.)
-------------------------------------------------------------
