-------------------------------------------------------------
Transformation Parameters

Patient number: 006
From: ct
To: mr_T2

Point      x          y          z        new_x       new_y       new_z

  1     0.0000     0.0000     0.0000    -1.9980   -65.6413     9.6499
  2   333.9870     0.0000     0.0000   331.9890   -65.7575     9.4761
  3     0.0000   333.9870     0.0000    -1.8815   268.3452    10.2436
  4   333.9870   333.9870     0.0000   332.1055   268.2290    10.0698
  5     0.0000     0.0000   116.0000    -1.9377   -65.8475   125.6497
  6   333.9870     0.0000   116.0000   332.0493   -65.9637   125.4759
  7     0.0000   333.9870   116.0000    -1.8212   268.1390   126.2434
  8   333.9870   333.9870   116.0000   332.1658   268.0228   126.0696

(All distances are in millimeters.)
-------------------------------------------------------------
