-------------------------------------------------------------
Transformation Parameters

Patient number: 004
From: ct
To: mr_PD_rectified

Point      x          y          z        new_x       new_y       new_z

  1     0.0000     0.0000     0.0000     4.1592   -30.7681   -20.3664
  2   333.9870     0.0000     0.0000   338.1204   -32.0666   -16.4255
  3     0.0000   333.9870     0.0000     5.2406   302.7187    -2.1248
  4   333.9870   333.9870     0.0000   339.2018   301.4202     1.8160
  5     0.0000     0.0000   104.0000     2.9118   -36.4439    83.4712
  6   333.9870     0.0000   104.0000   336.8730   -37.7424    87.4120
  7     0.0000   333.9870   104.0000     3.9932   297.0429   101.7127
  8   333.9870   333.9870   104.0000   337.9544   295.7444   105.6536

(All distances are in millimeters.)
-------------------------------------------------------------
