-------------------------------------------------------------
Transformation Parameters

Patient number: 005
From: pet
To: mr_T2_rectified

Point      x          y          z        new_x       new_y       new_z

  1     0.0000     0.0000     0.0000    50.4168    24.4619     1.9408
  2   246.7663     0.0000     0.0000   297.1829    24.4174     2.2816
  3     0.0000   246.7663     0.0000    50.4600   271.2263     2.9107
  4   246.7663   246.7663     0.0000   297.2261   271.1818     3.2514
  5     0.0000     0.0000   112.0000    50.2621    24.0218   113.9399
  6   246.7663     0.0000   112.0000   297.0282    23.9772   114.2806
  7     0.0000   246.7663   112.0000    50.3052   270.7862   114.9097
  8   246.7663   246.7663   112.0000   297.0713   270.7417   115.2504

(All distances are in millimeters.)
-------------------------------------------------------------
