-------------------------------------------------------------
Transformation Parameters

Patient number: 004
From: ct
To: mr_T1

Point      x          y          z        new_x       new_y       new_z

  1     0.0000     0.0000     0.0000    18.0908   -57.2490     8.0927
  2   333.9870     0.0000     0.0000   351.6926   -42.1550     2.6743
  3     0.0000   333.9870     0.0000     3.2014   276.1856    20.2192
  4   333.9870   333.9870     0.0000   336.8032   291.2795    14.8008
  5     0.0000     0.0000   104.0000    19.9459   -60.9455   112.0104
  6   333.9870     0.0000   104.0000   353.5477   -45.8515   106.5920
  7     0.0000   333.9870   104.0000     5.0565   272.4891   124.1369
  8   333.9870   333.9870   104.0000   338.6583   287.5830   118.7186

(All distances are in millimeters.)
-------------------------------------------------------------
