-------------------------------------------------------------
Transformation Parameters

Patient number: 006
From: pet
To: mr_T2

Point      x          y          z        new_x       new_y       new_z

  1     0.0000     0.0000     0.0000     4.2268    -4.6854     2.8612
  2   329.0218     0.0000     0.0000   333.2050    -1.5866     7.2348
  3     0.0000   329.0218     0.0000     1.1215   324.3214     3.3283
  4   329.0218   329.0218     0.0000   330.0996   327.4203     7.7020
  5     0.0000     0.0000   112.0000     2.7396    -4.8585   114.8511
  6   329.0218     0.0000   112.0000   331.7177    -1.7596   119.2248
  7     0.0000   329.0218   112.0000    -0.3658   324.1484   115.3183
  8   329.0218   329.0218   112.0000   328.6124   327.2472   119.6920

(All distances are in millimeters.)
-------------------------------------------------------------
