-------------------------------------------------------------
Transformation Parameters

Patient number: 002
From: ct
To: mr_T1

Point      x          y          z        new_x       new_y       new_z

  1     0.0000     0.0000     0.0000    20.5146   -50.2853     9.8183
  2   333.9870     0.0000     0.0000   353.9751   -31.5386     9.7436
  3     0.0000   333.9870     0.0000     1.7680   283.1751    10.1404
  4   333.9870   333.9870     0.0000   335.2285   301.9217    10.0658
  5     0.0000     0.0000   112.0000    20.5457   -50.3917   121.8182
  6   333.9870     0.0000   112.0000   354.0062   -31.6451   121.7436
  7     0.0000   333.9870   112.0000     1.7991   283.0686   122.1403
  8   333.9870   333.9870   112.0000   335.2596   301.8153   122.0657

(All distances are in millimeters.)
-------------------------------------------------------------
