-------------------------------------------------------------
Transformation Parameters

Patient number: 005
From: pet
To: mr_PD

Point      x          y          z        new_x       new_y       new_z

  1     0.0000     0.0000     0.0000    49.0900    27.2263     6.2958
  2   246.7663     0.0000     0.0000   295.8466    27.7506     4.1593
  3     0.0000   246.7663     0.0000    48.5556   273.9893     5.1252
  4   246.7663   246.7663     0.0000   295.3121   274.5136     2.9888
  5     0.0000     0.0000   112.0000    50.0585    27.7596   118.2903
  6   246.7663     0.0000   112.0000   296.8151    28.2840   116.1539
  7     0.0000   246.7663   112.0000    49.5241   274.5226   117.1198
  8   246.7663   246.7663   112.0000   296.2806   275.0469   114.9834

(All distances are in millimeters.)
-------------------------------------------------------------
