-------------------------------------------------------------
Transformation Parameters

Patient number: 009
From: pet
To: mr_T2

Point      x          y          z        new_x       new_y       new_z

  1     0.0000     0.0000     0.0000     4.8908    -6.2234   -17.0572
  2   329.0218     0.0000     0.0000   333.9122    -6.1649   -17.5545
  3     0.0000   329.0218     0.0000     4.8308   322.7970   -18.0370
  4   329.0218   329.0218     0.0000   333.8523   322.8555   -18.5343
  5     0.0000     0.0000   112.0000     5.0600    -5.8898    94.9422
  6   329.0218     0.0000   112.0000   334.0815    -5.8313    94.4449
  7     0.0000   329.0218   112.0000     5.0000   323.1305    93.9623
  8   329.0218   329.0218   112.0000   334.0215   323.1890    93.4651

(All distances are in millimeters.)
-------------------------------------------------------------
