-------------------------------------------------------------
Transformation Parameters

Patient number: 001
From: pet
To: mr_T1_rectified

Point      x          y          z        new_x       new_y       new_z

  1     0.0000     0.0000     0.0000     7.3027   -10.4307     3.2155
  2   329.0218     0.0000     0.0000   336.2936    -8.4513     7.2722
  3     0.0000   329.0218     0.0000     5.3286   318.5849     2.7793
  4   329.0218   329.0218     0.0000   334.3194   320.5643     6.8359
  5     0.0000     0.0000   112.0000     5.9210   -10.2905   115.2069
  6   329.0218     0.0000   112.0000   334.9118    -8.3111   119.2636
  7     0.0000   329.0218   112.0000     3.9468   318.7251   114.7707
  8   329.0218   329.0218   112.0000   332.9377   320.7045   118.8273

(All distances are in millimeters.)
-------------------------------------------------------------
