-------------------------------------------------------------
Transformation Parameters

Patient number: 007
From: pet
To: mr_T2_rectified

Point      x          y          z        new_x       new_y       new_z

  1     0.0000     0.0000     0.0000     7.3191    -1.0958     3.3618
  2   329.0218     0.0000     0.0000   336.3051    -4.6260     6.6966
  3     0.0000   329.0218     0.0000    10.8540   327.9068     2.9143
  4   329.0218   329.0218     0.0000   339.8400   324.3765     6.2492
  5     0.0000     0.0000   112.0000     6.1856    -0.9313   115.3559
  6   329.0218     0.0000   112.0000   335.1716    -4.4615   118.6907
  7     0.0000   329.0218   112.0000     9.7205   328.0712   114.9085
  8   329.0218   329.0218   112.0000   338.7065   324.5410   118.2433

(All distances are in millimeters.)
-------------------------------------------------------------
