-------------------------------------------------------------
Transformation Parameters

Patient number: 004
From: ct
To: mr_T2_rectified

Point      x          y          z        new_x       new_y       new_z

  1     0.0000     0.0000     0.0000   -44.7473   -79.1800     4.0607
  2   333.9870     0.0000     0.0000   288.7290   -89.0321    19.6770
  3     0.0000   333.9870     0.0000   -37.7114   249.7817    61.3496
  4   333.9870   333.9870     0.0000   295.7649   239.9297    76.9660
  5     0.0000     0.0000   104.0000   -50.0631   -96.8895   106.4038
  6   333.9870     0.0000   104.0000   283.4132  -106.7415   122.0202
  7     0.0000   333.9870   104.0000   -43.0272   232.0723   163.6928
  8   333.9870   333.9870   104.0000   290.4490   222.2202   179.3091

(All distances are in millimeters.)
-------------------------------------------------------------
