-------------------------------------------------------------
Transformation Parameters

Patient number: 001
From: ct
To: mr_PD_rectified

Point      x          y          z        new_x       new_y       new_z

  1     0.0000     0.0000     0.0000    -2.4461   -15.9967    17.5232
  2   333.9870     0.0000     0.0000   331.0587   -27.9601     4.1533
  3     0.0000   333.9870     0.0000     9.5940   317.7690    19.2040
  4   333.9870   333.9870     0.0000   343.0988   305.8057     5.8341
  5     0.0000     0.0000   108.0000     1.8549   -16.6953   125.4352
  6   333.9870     0.0000   108.0000   335.3598   -28.6587   112.0653
  7     0.0000   333.9870   108.0000    13.8951   317.0704   127.1161
  8   333.9870   333.9870   108.0000   347.3999   305.1071   113.7462

(All distances are in millimeters.)
-------------------------------------------------------------
