-------------------------------------------------------------
Transformation Parameters

Patient number: 006
From: pet
To: mr_T2_rectified

Point      x          y          z        new_x       new_y       new_z

  1     0.0000     0.0000     0.0000     7.2477    -5.1144     7.2214
  2   329.0218     0.0000     0.0000   336.1943     1.9215     7.2748
  3     0.0000   329.0218     0.0000     0.2117   323.7954    12.1344
  4   329.0218   329.0218     0.0000   329.1583   330.8314    12.1878
  5     0.0000     0.0000   112.0000     7.2653    -6.7869   119.2089
  6   329.0218     0.0000   112.0000   336.2119     0.2491   119.2623
  7     0.0000   329.0218   112.0000     0.2293   322.1230   124.1219
  8   329.0218   329.0218   112.0000   329.1759   329.1590   124.1753

(All distances are in millimeters.)
-------------------------------------------------------------
