-------------------------------------------------------------
Transformation Parameters

Patient number: 007
From: pet
To: mr_T1_rectified

Point      x          y          z        new_x       new_y       new_z

  1     0.0000     0.0000     0.0000     7.7931    -2.3966     5.7266
  2   329.0218     0.0000     0.0000   336.7844     1.9297     6.8994
  3     0.0000   329.0218     0.0000     3.4326   326.4393    15.8874
  4   329.0218   329.0218     0.0000   332.4238   330.7657    17.0602
  5     0.0000     0.0000   112.0000     7.4396    -5.8604   117.6725
  6   329.0218     0.0000   112.0000   336.4308    -1.5340   118.8453
  7     0.0000   329.0218   112.0000     3.0790   322.9756   127.8333
  8   329.0218   329.0218   112.0000   332.0703   327.3020   129.0061

(All distances are in millimeters.)
-------------------------------------------------------------
