----------------------------------------------------------------------
Transformation Parameters

Patient number: 004
From: ct
To: mr_T1

Point      x          y          z        new_x       new_y       new_z

1 0.000000 0.000000 0.000000 0.006777 -28.946032 -34.559849
2 333.987030 0.000000 0.000000 333.992084 -28.127480 -35.253196
3 0.000000 333.987030 0.000000 -0.808140 305.035438 -32.813438
4 333.987030 333.987030 0.000000 333.177167 305.853990 -33.506785
5 0.000000 0.000000 104.000000 0.224007 -29.489316 69.438505
6 333.987030 0.000000 104.000000 334.209314 -28.670764 68.745158
7 0.000000 333.987030 104.000000 -0.590910 304.492154 71.184916
8 333.987030 333.987030 104.000000 333.394397 305.310706 70.491569

(All distances are in millimeters.)
----------------------------------------------------------------------
