----------------------------------------------------------------------
Transformation Parameters

Patient number: 007
From: pet
To: mr_T2_rectified

Point      x          y          z        new_x       new_y       new_z

1 0.000000 0.000000 0.000000 13.456872 -8.641856 7.878021
2 329.021826 0.000000 0.000000 342.233046 3.375705 3.734643
3 0.000000 329.021826 0.000000 1.396940 320.141908 4.537848
4 329.021826 329.021826 0.000000 330.173114 332.159468 0.394470
5 0.000000 0.000000 112.000000 14.824740 -7.454003 119.863368
6 329.021826 0.000000 112.000000 343.600914 4.563558 115.719990
7 0.000000 329.021826 112.000000 2.764808 321.329761 116.523195
8 329.021826 329.021826 112.000000 331.540982 333.347321 112.379817

(All distances are in millimeters.)
----------------------------------------------------------------------
