----------------------------------------------------------------------
Transformation Parameters

Patient number: 007
From: ct
To: mr_T2_rectified

Point      x          y          z        new_x       new_y       new_z

1 0.000000 0.000000 0.000000 -3.957845 -21.901105 -7.236338
2 333.987030 0.000000 0.000000 330.021841 -21.568116 -9.426060
3 0.000000 333.987030 0.000000 -4.260073 312.052890 -2.548650
4 333.987030 333.987030 0.000000 329.719612 312.385879 -4.738372
5 0.000000 0.000000 108.000000 -3.248322 -23.416269 100.750702
6 333.987030 0.000000 108.000000 330.731363 -23.083280 98.560980
7 0.000000 333.987030 108.000000 -3.550551 310.537726 105.438390
8 333.987030 333.987030 108.000000 330.429135 310.870715 103.248668

(All distances are in millimeters.)
----------------------------------------------------------------------
