----------------------------------------------------------------------
Transformation Parameters

Patient number: 003
From: ct
To: mr_PD

Point      x          y          z        new_x       new_y       new_z

1 0.000000 0.000000 0.000000 1.693469 -40.386406 -40.291855
2 333.987030 0.000000 0.000000 335.641626 -36.461425 -37.042414
3 0.000000 333.987030 0.000000 -2.172041 293.523174 -46.357060
4 333.987030 333.987030 0.000000 331.776116 297.448154 -43.107619
5 0.000000 0.000000 132.000000 0.381336 -38.004428 91.680129
6 333.987030 0.000000 132.000000 334.329493 -34.079448 94.929570
7 0.000000 333.987030 132.000000 -3.484174 295.905151 85.614924
8 333.987030 333.987030 132.000000 330.463983 299.830132 88.864365

(All distances are in millimeters.)
----------------------------------------------------------------------
