----------------------------------------------------------------------
Transformation Parameters

Patient number: 005
From: ct
To: mr_T1_rectified

Point      x          y          z        new_x       new_y       new_z

1 0.000000 0.000000 0.000000 -4.669014 -33.853233 -16.495311
2 333.987030 0.000000 0.000000 329.310864 -32.169528 -17.889029
3 0.000000 333.987030 0.000000 -6.356637 300.128219 -17.432143
4 333.987030 333.987030 0.000000 327.623241 301.811924 -18.825861
5 0.000000 0.000000 128.000000 -4.136693 -33.491502 111.503071
6 333.987030 0.000000 128.000000 329.843185 -31.807797 110.109353
7 0.000000 333.987030 128.000000 -5.824316 300.489950 110.566239
8 333.987030 333.987030 128.000000 328.155562 302.173655 109.172521

(All distances are in millimeters.)
----------------------------------------------------------------------
