----------------------------------------------------------------------
Transformation Parameters

Patient number: 001
From: pet
To: mr_T2

Point      x          y          z        new_x       new_y       new_z

1 0.000000 0.000000 0.000000 1.599048 -11.728121 6.954965
2 329.021826 0.000000 0.000000 330.070721 -14.064654 -11.919947
3 0.000000 329.021826 0.000000 4.556319 317.104491 17.712719
4 329.021826 329.021826 0.000000 333.027992 314.767958 -1.162193
5 0.000000 0.000000 112.000000 7.994423 -15.441719 118.710539
6 329.021826 0.000000 112.000000 336.466097 -17.778251 99.835627
7 0.000000 329.021826 112.000000 10.951695 313.390894 129.468293
8 329.021826 329.021826 112.000000 339.423368 311.054361 110.593381

(All distances are in millimeters.)
----------------------------------------------------------------------
