----------------------------------------------------------------------
Transformation Parameters

Patient number: 009
From: pet
To: mr_T2

Point      x          y          z        new_x       new_y       new_z

1 0.000000 0.000000 0.000000 4.250169 -4.514847 -20.271449
2 329.021826 0.000000 0.000000 333.265407 -6.590188 -20.438884
3 0.000000 329.021826 0.000000 6.321552 324.428387 -27.157702
4 329.021826 329.021826 0.000000 335.336790 322.353045 -27.325137
5 0.000000 0.000000 112.000000 4.321936 -2.171151 91.704003
6 329.021826 0.000000 112.000000 333.337174 -4.246493 91.536568
7 0.000000 329.021826 112.000000 6.393319 326.772082 84.817750
8 329.021826 329.021826 112.000000 335.408557 324.696740 84.650315

(All distances are in millimeters.)
----------------------------------------------------------------------
