----------------------------------------------------------------------
Transformation Parameters

Patient number: 004
From: ct
To: mr_PD

Point      x          y          z        new_x       new_y       new_z

1 0.000000 0.000000 0.000000 0.292887 -27.880161 -37.846097
2 333.987030 0.000000 0.000000 334.279220 -27.248465 -37.587972
3 0.000000 333.987030 0.000000 -0.343578 306.046531 -31.529777
4 333.987030 333.987030 0.000000 333.642754 306.678227 -31.271652
5 0.000000 0.000000 104.000000 0.216244 -29.847145 66.135272
6 333.987030 0.000000 104.000000 334.202576 -29.215448 66.393397
7 0.000000 333.987030 104.000000 -0.420221 304.079547 72.451592
8 333.987030 333.987030 104.000000 333.566111 304.711243 72.709717

(All distances are in millimeters.)
----------------------------------------------------------------------
