----------------------------------------------------------------------
Transformation Parameters

Patient number: 002
From: pet
To: mr_T1

Point      x          y          z        new_x       new_y       new_z

1 0.000000 0.000000 0.000000 4.233263 13.309280 -23.672725
2 329.021826 0.000000 0.000000 332.894174 9.614183 -8.715653
3 0.000000 329.021826 0.000000 7.520216 342.190937 -14.649774
4 329.021826 329.021826 0.000000 336.181127 338.495840 0.307297
5 0.000000 0.000000 112.000000 -0.890493 10.292074 88.169323
6 329.021826 0.000000 112.000000 327.770418 6.596977 103.126394
7 0.000000 329.021826 112.000000 2.396460 339.173731 97.192273
8 329.021826 329.021826 112.000000 331.057370 335.478634 112.149345

(All distances are in millimeters.)
----------------------------------------------------------------------
