----------------------------------------------------------------------
Transformation Parameters

Patient number: 001
From: ct
To: mr_PD_rectified

Point      x          y          z        new_x       new_y       new_z

1 0.000000 0.000000 0.000000 0.874665 -20.681265 -0.953892
2 333.987030 0.000000 0.000000 334.838991 -23.537766 -3.600659
3 0.000000 333.987030 0.000000 3.747863 313.286786 1.148877
4 333.987030 333.987030 0.000000 337.712189 310.430285 -1.497890
5 0.000000 0.000000 108.000000 1.724675 -21.368545 107.040576
6 333.987030 0.000000 108.000000 335.689001 -24.225046 104.393809
7 0.000000 333.987030 108.000000 4.597873 312.599506 109.143345
8 333.987030 333.987030 108.000000 338.562199 309.743005 106.496578

(All distances are in millimeters.)
----------------------------------------------------------------------
