----------------------------------------------------------------------
Transformation Parameters

Patient number: 005
From: ct
To: mr_T2

Point      x          y          z        new_x       new_y       new_z

1 0.000000 0.000000 0.000000 -6.805552 -30.692623 -21.805826
2 333.987030 0.000000 0.000000 327.179627 -31.804416 -21.825532
3 0.000000 333.987030 0.000000 -5.693715 303.291577 -20.996911
4 333.987030 333.987030 0.000000 328.291464 302.179784 -21.016616
5 0.000000 0.000000 128.000000 -6.799032 -31.002662 106.193798
6 333.987030 0.000000 128.000000 327.186147 -32.114455 106.174093
7 0.000000 333.987030 128.000000 -5.687195 302.981538 107.002714
8 333.987030 333.987030 128.000000 328.297984 301.869745 106.983008

(All distances are in millimeters.)
----------------------------------------------------------------------
