----------------------------------------------------------------------
Transformation Parameters

Patient number: 003
From: ct
To: mr_T1_rectified

Point      x          y          z        new_x       new_y       new_z

1 0.000000 0.000000 0.000000 -0.492049 -30.745181 -32.434770
2 333.987030 0.000000 0.000000 333.492164 -32.114880 -32.510248
3 0.000000 333.987030 0.000000 0.876903 303.225093 -35.487369
4 333.987030 333.987030 0.000000 334.861116 301.855394 -35.562847
5 0.000000 0.000000 132.000000 -0.457272 -29.538850 99.559713
6 333.987030 0.000000 132.000000 333.526941 -30.908549 99.484235
7 0.000000 333.987030 132.000000 0.911680 304.431424 96.507114
8 333.987030 333.987030 132.000000 334.895893 303.061725 96.431636

(All distances are in millimeters.)
----------------------------------------------------------------------
