----------------------------------------------------------------------
Transformation Parameters

Patient number: 001
From: pet
To: mr_T2_rectified

Point      x          y          z        new_x       new_y       new_z

1 0.000000 0.000000 0.000000 4.494188 -10.532646 5.255027
2 329.021826 0.000000 0.000000 333.170958 -12.369129 -9.697235
3 0.000000 329.021826 0.000000 6.971728 318.178123 19.342395
4 329.021826 329.021826 0.000000 335.648498 316.341640 4.390133
5 0.000000 0.000000 112.000000 9.552404 -15.361324 117.036503
6 329.021826 0.000000 112.000000 338.229174 -17.197808 102.084241
7 0.000000 329.021826 112.000000 12.029944 313.349445 131.123871
8 329.021826 329.021826 112.000000 340.706714 311.512961 116.171609

(All distances are in millimeters.)
----------------------------------------------------------------------
