----------------------------------------------------------------------
Transformation Parameters

Patient number: 004
From: ct
To: mr_T2

Point      x          y          z        new_x       new_y       new_z

1 0.000000 0.000000 0.000000 -0.122367 -27.212566 -42.179922
2 333.987030 0.000000 0.000000 333.841224 -28.385243 -38.400899
3 0.000000 333.987030 0.000000 0.938918 306.628789 -32.373802
4 333.987030 333.987030 0.000000 334.902509 305.456111 -28.594779
5 0.000000 0.000000 104.000000 -1.309323 -30.262133 61.768581
6 333.987030 0.000000 104.000000 332.654268 -31.434811 65.547604
7 0.000000 333.987030 104.000000 -0.248038 303.579221 71.574701
8 333.987030 333.987030 104.000000 333.715553 302.406544 75.353724

(All distances are in millimeters.)
----------------------------------------------------------------------
