----------------------------------------------------------------------
Transformation Parameters

Patient number: 004
From: ct
To: mr_PD_rectified

Point      x          y          z        new_x       new_y       new_z

1 0.000000 0.000000 0.000000 1.029688 -29.826669 -39.972590
2 333.987030 0.000000 0.000000 335.014405 -29.426722 -38.795857
3 0.000000 333.987030 0.000000 0.593377 303.998893 -29.597617
4 333.987030 333.987030 0.000000 334.578095 304.398839 -28.420883
5 0.000000 0.000000 104.000000 0.667311 -33.057781 63.976573
6 333.987030 0.000000 104.000000 334.652029 -32.657835 65.153307
7 0.000000 333.987030 104.000000 0.231001 300.767780 74.351547
8 333.987030 333.987030 104.000000 334.215718 301.167727 75.528280

(All distances are in millimeters.)
----------------------------------------------------------------------
