----------------------------------------------------------------------
Transformation Parameters

Patient number: 006
From: ct
To: mr_T1

Point      x          y          z        new_x       new_y       new_z

1 0.000000 0.000000 0.000000 -10.752959 -28.457587 -15.863877
2 333.987030 0.000000 0.000000 323.190490 -33.792603 -15.059643
3 0.000000 333.987030 0.000000 -5.421123 305.484310 -14.553315
4 333.987030 333.987030 0.000000 328.522326 300.149293 -13.749082
5 0.000000 0.000000 116.000000 -11.039518 -28.908251 100.134894
6 333.987030 0.000000 116.000000 322.903931 -34.243268 100.939127
7 0.000000 333.987030 116.000000 -5.707682 305.033645 101.445455
8 333.987030 333.987030 116.000000 328.235767 299.698629 102.249689

(All distances are in millimeters.)
----------------------------------------------------------------------
