----------------------------------------------------------------------
Transformation Parameters

Patient number: 002
From: pet
To: mr_PD

Point      x          y          z        new_x       new_y       new_z

1 0.000000 0.000000 0.000000 4.445458 4.843230 -21.844242
2 329.021826 0.000000 0.000000 333.154619 1.995565 -7.789355
3 0.000000 329.021826 0.000000 6.964386 333.764563 -14.112941
4 329.021826 329.021826 0.000000 335.673548 330.916899 -0.058054
5 0.000000 0.000000 112.000000 -0.360184 2.250601 90.022572
6 329.021826 0.000000 112.000000 328.348977 -0.597064 104.077459
7 0.000000 329.021826 112.000000 2.158745 331.171934 97.753873
8 329.021826 329.021826 112.000000 330.867906 328.324270 111.808760

(All distances are in millimeters.)
----------------------------------------------------------------------
