----------------------------------------------------------------------
Transformation Parameters

Patient number: 002
From: ct
To: mr_PD_rectified

Point      x          y          z        new_x       new_y       new_z

1 0.000000 0.000000 0.000000 2.681430 -30.757940 -18.591515
2 333.987030 0.000000 0.000000 336.668064 -30.252721 -18.688697
3 0.000000 333.987030 0.000000 2.177484 303.201840 -14.355003
4 333.987030 333.987030 0.000000 336.164118 303.707059 -14.452186
5 0.000000 0.000000 112.000000 2.716166 -32.178571 93.399470
6 333.987030 0.000000 112.000000 336.702800 -31.673352 93.302287
7 0.000000 333.987030 112.000000 2.212220 301.781209 97.635981
8 333.987030 333.987030 112.000000 336.198854 302.286428 97.538799

(All distances are in millimeters.)
----------------------------------------------------------------------
