----------------------------------------------------------------------
Transformation Parameters

Patient number: 009
From: pet
To: mr_PD

Point      x          y          z        new_x       new_y       new_z

1 0.000000 0.000000 0.000000 5.880332 -4.389621 -22.834277
2 329.021826 0.000000 0.000000 334.901547 -3.889233 -22.445048
3 0.000000 329.021826 0.000000 5.378249 324.628689 -21.398431
4 329.021826 329.021826 0.000000 334.399464 325.129077 -21.009202
5 0.000000 0.000000 112.000000 5.748582 -4.878589 89.164578
6 329.021826 0.000000 112.000000 334.769797 -4.378201 89.553807
7 0.000000 329.021826 112.000000 5.246499 324.139721 90.600424
8 329.021826 329.021826 112.000000 334.267714 324.640109 90.989653

(All distances are in millimeters.)
----------------------------------------------------------------------
