----------------------------------------------------------------------
Transformation Parameters

Patient number: 002
From: ct
To: mr_PD

Point      x          y          z        new_x       new_y       new_z

1 0.000000 0.000000 0.000000 0.318995 -31.828372 -19.349854
2 333.987030 0.000000 0.000000 334.305693 -32.250053 -19.558925
3 0.000000 333.987030 0.000000 0.742146 302.150012 -16.984244
4 333.987030 333.987030 0.000000 334.728844 301.728332 -17.193314
5 0.000000 0.000000 112.000000 0.388102 -32.621749 92.647314
6 333.987030 0.000000 112.000000 334.374800 -33.043430 92.438244
7 0.000000 333.987030 112.000000 0.811253 301.356635 95.012925
8 333.987030 333.987030 112.000000 334.797951 300.934954 94.803854

(All distances are in millimeters.)
----------------------------------------------------------------------
