----------------------------------------------------------------------
Transformation Parameters

Patient number: 009
From: pet
To: mr_T1

Point      x          y          z        new_x       new_y       new_z

1 0.000000 0.000000 0.000000 5.025123 -2.188935 -29.902443
2 329.021826 0.000000 0.000000 334.046135 -2.589062 -29.289988
3 0.000000 329.021826 0.000000 5.399895 326.557977 -16.460379
4 329.021826 329.021826 0.000000 334.420907 326.157850 -15.847924
5 0.000000 0.000000 112.000000 4.811251 -6.764405 82.003854
6 329.021826 0.000000 112.000000 333.832263 -7.164531 82.616309
7 0.000000 329.021826 112.000000 5.186022 321.982508 95.445918
8 329.021826 329.021826 112.000000 334.207035 321.582381 96.058373

(All distances are in millimeters.)
----------------------------------------------------------------------
