----------------------------------------------------------------------
Transformation Parameters

Patient number: 004
From: ct
To: mr_T2_rectified

Point      x          y          z        new_x       new_y       new_z

1 0.000000 0.000000 0.000000 0.858518 -29.554523 -39.948116
2 333.987030 0.000000 0.000000 334.845470 -29.564528 -39.720800
3 0.000000 333.987030 0.000000 0.860854 304.242659 -28.688541
4 333.987030 333.987030 0.000000 334.847807 304.232653 -28.461225
5 0.000000 0.000000 104.000000 0.787669 -33.060633 63.992743
6 333.987030 0.000000 104.000000 334.774622 -33.070639 64.220059
7 0.000000 333.987030 104.000000 0.790006 300.736548 75.252318
8 333.987030 333.987030 104.000000 334.776958 300.726543 75.479634

(All distances are in millimeters.)
----------------------------------------------------------------------
