----------------------------------------------------------------------
Transformation Parameters

Patient number: 002
From: pet
To: mr_T2_rectified

Point      x          y          z        new_x       new_y       new_z

1 0.000000 0.000000 0.000000 8.781622 3.436792 -6.566819
2 329.021826 0.000000 0.000000 337.759993 6.325912 -2.067205
3 0.000000 329.021826 0.000000 6.055825 332.234751 -18.391948
4 329.021826 329.021826 0.000000 335.034195 335.123872 -13.892334
5 0.000000 0.000000 112.000000 7.215636 7.448880 105.350342
6 329.021826 0.000000 112.000000 336.194007 10.338000 109.849956
7 0.000000 329.021826 112.000000 4.489839 336.246839 93.525213
8 329.021826 329.021826 112.000000 333.468210 339.135960 98.024827

(All distances are in millimeters.)
----------------------------------------------------------------------
