----------------------------------------------------------------------
Transformation Parameters

Patient number: 002
From: ct
To: mr_T1

Point      x          y          z        new_x       new_y       new_z

1 0.000000 0.000000 0.000000 -0.792872 -24.593138 -2.437887
2 333.987030 0.000000 0.000000 333.191410 -25.931570 -2.648633
3 0.000000 333.987030 0.000000 0.545410 309.391126 -2.676354
4 333.987030 333.987030 0.000000 334.529692 308.052693 -2.887100
5 0.000000 0.000000 112.000000 -0.721880 -24.513453 109.562062
6 333.987030 0.000000 112.000000 333.262402 -25.851886 109.351316
7 0.000000 333.987030 112.000000 0.616402 309.470810 109.323595
8 333.987030 333.987030 112.000000 334.600684 308.132378 109.112849

(All distances are in millimeters.)
----------------------------------------------------------------------
