----------------------------------------------------------------------
Transformation Parameters

Patient number: 006
From: ct
To: mr_T2_rectified

Point      x          y          z        new_x       new_y       new_z

1 0.000000 0.000000 0.000000 -6.948609 -30.120915 -21.891424
2 333.987030 0.000000 0.000000 327.035952 -31.354927 -22.247119
3 0.000000 333.987030 0.000000 -5.713864 303.863120 -21.201741
4 333.987030 333.987030 0.000000 328.270697 302.629108 -21.557437
5 0.000000 0.000000 116.000000 -6.825955 -30.360910 94.108263
6 333.987030 0.000000 116.000000 327.158606 -31.594922 93.752567
7 0.000000 333.987030 116.000000 -5.591210 303.623125 94.797945
8 333.987030 333.987030 116.000000 328.393351 302.389113 94.442250

(All distances are in millimeters.)
----------------------------------------------------------------------
