----------------------------------------------------------------------
Transformation Parameters

Patient number: 007
From: ct
To: mr_T1_rectified

Point      x          y          z        new_x       new_y       new_z

1 0.000000 0.000000 0.000000 -3.704016 -21.737449 -5.994532
2 333.987030 0.000000 0.000000 330.282307 -21.930512 -6.653819
3 0.000000 333.987030 0.000000 -3.508969 312.248010 -4.988899
4 333.987030 333.987030 0.000000 330.477355 312.054947 -5.648186
5 0.000000 0.000000 108.000000 -3.491015 -22.062761 102.004768
6 333.987030 0.000000 108.000000 330.495309 -22.255824 101.345481
7 0.000000 333.987030 108.000000 -3.295967 311.922698 103.010401
8 333.987030 333.987030 108.000000 330.690356 311.729635 102.351114

(All distances are in millimeters.)
----------------------------------------------------------------------
