----------------------------------------------------------------------
Transformation Parameters

Patient number: 007
From: pet
To: mr_PD_rectified

Point      x          y          z        new_x       new_y       new_z

1 0.000000 0.000000 0.000000 13.137216 -6.600282 2.929283
2 329.021826 0.000000 0.000000 341.760798 0.849909 17.295838
3 0.000000 329.021826 0.000000 6.186453 322.147440 -8.559140
4 329.021826 329.021826 0.000000 334.810035 329.597631 5.807416
5 0.000000 0.000000 112.000000 8.162320 -2.797636 114.754102
6 329.021826 0.000000 112.000000 336.785902 4.652556 129.120658
7 0.000000 329.021826 112.000000 1.211558 325.950087 103.265680
8 329.021826 329.021826 112.000000 329.835140 333.400278 117.632235

(All distances are in millimeters.)
----------------------------------------------------------------------
