----------------------------------------------------------------------
Transformation Parameters

Patient number: 003
From: ct
To: mr_T2

Point      x          y          z        new_x       new_y       new_z

1 0.000000 0.000000 0.000000 -1.655157 -30.138301 -34.714962
2 333.987030 0.000000 0.000000 332.328846 -31.545619 -34.511898
3 0.000000 333.987030 0.000000 -0.247740 303.845724 -34.877614
4 333.987030 333.987030 0.000000 333.736263 302.438406 -34.674550
5 0.000000 0.000000 132.000000 -1.735141 -30.073680 97.284998
6 333.987030 0.000000 132.000000 332.248862 -31.480998 97.488062
7 0.000000 333.987030 132.000000 -0.327724 303.910345 97.122346
8 333.987030 333.987030 132.000000 333.656279 302.503027 97.325410

(All distances are in millimeters.)
----------------------------------------------------------------------
