----------------------------------------------------------------------
Transformation Parameters

Patient number: 006
From: pet
To: mr_PD_rectified

Point      x          y          z        new_x       new_y       new_z

1 0.000000 0.000000 0.000000 6.272417 7.357907 -13.320722
2 329.021826 0.000000 0.000000 334.784405 1.739820 4.105496
3 0.000000 329.021826 0.000000 11.767330 336.324582 -10.852094
4 329.021826 329.021826 0.000000 340.279317 330.706495 6.574124
5 0.000000 0.000000 112.000000 0.327127 6.617949 98.518922
6 329.021826 0.000000 112.000000 328.839114 0.999861 115.945140
7 0.000000 329.021826 112.000000 5.822039 335.584624 100.987550
8 329.021826 329.021826 112.000000 334.334027 329.966537 118.413768

(All distances are in millimeters.)
----------------------------------------------------------------------
