----------------------------------------------------------------------
Transformation Parameters

Patient number: 005
From: ct
To: mr_PD

Point      x          y          z        new_x       new_y       new_z

1 0.000000 0.000000 0.000000 -5.266016 -32.131588 -19.941198
2 333.987030 0.000000 0.000000 328.715654 -30.319375 -20.485581
3 0.000000 333.987030 0.000000 -7.074164 301.841450 -17.476062
4 333.987030 333.987030 0.000000 326.907506 303.653663 -18.020446
5 0.000000 0.000000 128.000000 -5.052264 -33.075203 108.055146
6 333.987030 0.000000 128.000000 328.929406 -31.262990 107.510762
7 0.000000 333.987030 128.000000 -6.860412 300.897835 110.520281
8 333.987030 333.987030 128.000000 327.121258 302.710048 109.975898

(All distances are in millimeters.)
----------------------------------------------------------------------
