----------------------------------------------------------------------
Transformation Parameters

Patient number: 005
From: pet
To: mr_PD_rectified

Point      x          y          z        new_x       new_y       new_z

1 0.000000 0.000000 0.000000 50.790073 24.295258 2.084207
2 246.766339 0.000000 0.000000 297.553763 25.220700 2.755657
3 0.000000 246.766339 0.000000 49.864701 271.059860 2.057062
4 246.766339 246.766339 0.000000 296.628392 271.985302 2.728513
5 0.000000 0.000000 112.000000 50.485277 24.306435 114.083791
6 246.766339 0.000000 112.000000 297.248968 25.231877 114.755242
7 0.000000 246.766339 112.000000 49.559906 271.071037 114.056647
8 246.766339 246.766339 112.000000 296.323596 271.996479 114.728097

(All distances are in millimeters.)
----------------------------------------------------------------------
