----------------------------------------------------------------------
Transformation Parameters

Patient number: 006
From: ct
To: mr_PD_rectified

Point      x          y          z        new_x       new_y       new_z

1 0.000000 0.000000 0.000000 -6.349558 -31.556719 -22.613605
2 333.987030 0.000000 0.000000 327.637170 -31.931183 -22.365453
3 0.000000 333.987030 0.000000 -5.974825 302.429904 -22.976315
4 333.987030 333.987030 0.000000 328.011903 302.055440 -22.728163
5 0.000000 0.000000 116.000000 -6.435605 -31.430646 93.386295
6 333.987030 0.000000 116.000000 327.551123 -31.805110 93.634447
7 0.000000 333.987030 116.000000 -6.060872 302.555977 93.023585
8 333.987030 333.987030 116.000000 327.925856 302.181513 93.271737

(All distances are in millimeters.)
----------------------------------------------------------------------
