----------------------------------------------------------------------
Transformation Parameters

Patient number: 002
From: pet
To: mr_PD_rectified

Point      x          y          z        new_x       new_y       new_z

1 0.000000 0.000000 0.000000 6.143580 7.985730 -11.782856
2 329.021826 0.000000 0.000000 335.165373 7.839643 -11.781869
3 0.000000 329.021826 0.000000 6.289665 337.006735 -11.062299
4 329.021826 329.021826 0.000000 335.311459 336.860647 -11.061312
5 0.000000 0.000000 112.000000 6.143135 7.740451 100.216876
6 329.021826 0.000000 112.000000 335.164928 7.594363 100.217863
7 0.000000 329.021826 112.000000 6.289220 336.761455 100.937433
8 329.021826 329.021826 112.000000 335.311014 336.615367 100.938420

(All distances are in millimeters.)
----------------------------------------------------------------------
