----------------------------------------------------------------------
Transformation Parameters

Patient number: 006
From: pet
To: mr_T2

Point      x          y          z        new_x       new_y       new_z

1 0.000000 0.000000 0.000000 5.544727 4.023712 -5.798243
2 329.021826 0.000000 0.000000 334.566496 3.931803 -5.626823
3 0.000000 329.021826 0.000000 5.636524 333.045455 -5.583392
4 329.021826 329.021826 0.000000 334.658293 332.953546 -5.411972
5 0.000000 0.000000 112.000000 5.486355 3.950592 106.201718
6 329.021826 0.000000 112.000000 334.508123 3.858683 106.373138
7 0.000000 329.021826 112.000000 5.578152 332.972335 106.416569
8 329.021826 329.021826 112.000000 334.599920 332.880426 106.587989

(All distances are in millimeters.)
----------------------------------------------------------------------
