----------------------------------------------------------------------
Transformation Parameters

Patient number: 004
From: ct
To: mr_T2

Point      x          y          z        new_x       new_y       new_z

1 0.000000 0.000000 0.000000 -2.134635 -28.338253 -21.845643
2 333.987030 0.000000 0.000000 331.851394 -28.923662 -22.416425
3 0.000000 333.987030 0.000000 -1.548155 305.647673 -21.218750
4 333.987030 333.987030 0.000000 332.437874 305.062265 -21.789532
5 0.000000 0.000000 104.000000 -1.957242 -28.533773 82.154022
6 333.987030 0.000000 104.000000 332.028787 -29.119181 81.583240
7 0.000000 333.987030 104.000000 -1.370762 305.452154 82.780915
8 333.987030 333.987030 104.000000 332.615267 304.866745 82.210133

(All distances are in millimeters.)
----------------------------------------------------------------------
