----------------------------------------------------------------------
Transformation Parameters

Patient number: 007
From: ct
To: mr_PD_rectified

Point      x          y          z        new_x       new_y       new_z

1 0.000000 0.000000 0.000000 -3.783807 -22.015764 -6.201420
2 333.987030 0.000000 0.000000 330.203190 -22.158984 -6.243502
3 0.000000 333.987030 0.000000 -3.640526 311.970898 -5.726824
4 333.987030 333.987030 0.000000 330.346470 311.827678 -5.768907
5 0.000000 0.000000 108.000000 -3.770264 -22.169238 101.798471
6 333.987030 0.000000 108.000000 330.216732 -22.312458 101.756388
7 0.000000 333.987030 108.000000 -3.626984 311.817424 102.273066
8 333.987030 333.987030 108.000000 330.360013 311.674204 102.230984

(All distances are in millimeters.)
----------------------------------------------------------------------
