----------------------------------------------------------------------
Transformation Parameters

Patient number: 007
From: ct
To: mr_PD

Point      x          y          z        new_x       new_y       new_z

1 0.000000 0.000000 0.000000 -5.621606 -21.793781 -6.575737
2 333.987030 0.000000 0.000000 328.365265 -21.832607 -6.899036
3 0.000000 333.987030 0.000000 -5.582864 312.193235 -6.662240
4 333.987030 333.987030 0.000000 328.404007 312.154409 -6.985539
5 0.000000 0.000000 108.000000 -5.517059 -21.765821 101.424209
6 333.987030 0.000000 108.000000 328.469812 -21.804647 101.100910
7 0.000000 333.987030 108.000000 -5.478317 312.221195 101.337706
8 333.987030 333.987030 108.000000 328.508555 312.182369 101.014407

(All distances are in millimeters.)
----------------------------------------------------------------------
