----------------------------------------------------------------------
Transformation Parameters

Patient number: 006
From: ct
To: mr_T1

Point      x          y          z        new_x       new_y       new_z

1 0.000000 0.000000 0.000000 -8.603036 -30.548259 -24.456585
2 333.987030 0.000000 0.000000 325.383773 -30.670532 -24.091872
3 0.000000 333.987030 0.000000 -8.480797 303.438747 -24.425525
4 333.987030 333.987030 0.000000 325.506012 303.316474 -24.060811
5 0.000000 0.000000 116.000000 -8.729712 -30.559000 91.543345
6 333.987030 0.000000 116.000000 325.257097 -30.681273 91.908059
7 0.000000 333.987030 116.000000 -8.607473 303.428006 91.574406
8 333.987030 333.987030 116.000000 325.379336 303.305733 91.939119

(All distances are in millimeters.)
----------------------------------------------------------------------
