----------------------------------------------------------------------
Transformation Parameters

Patient number: 007
From: ct
To: mr_T2

Point      x          y          z        new_x       new_y       new_z

1 0.000000 0.000000 0.000000 -5.906585 -22.536267 -10.101798
2 333.987030 0.000000 0.000000 328.080443 -22.537614 -10.137200
3 0.000000 333.987030 0.000000 -5.905249 311.450748 -10.202996
4 333.987030 333.987030 0.000000 328.081779 311.449401 -10.238399
5 0.000000 0.000000 108.000000 -5.895137 -22.503543 97.898197
6 333.987030 0.000000 108.000000 328.091891 -22.504890 97.862794
7 0.000000 333.987030 108.000000 -5.893801 311.483472 97.796998
8 333.987030 333.987030 108.000000 328.093227 311.482125 97.761596

(All distances are in millimeters.)
----------------------------------------------------------------------
