----------------------------------------------------------------------
Transformation Parameters

Patient number: 004
From: ct
To: mr_T2_rectified

Point      x          y          z        new_x       new_y       new_z

1 0.000000 0.000000 0.000000 1.171626 -30.514499 -34.186772
2 333.987030 0.000000 0.000000 335.158620 -30.504515 -34.340740
3 0.000000 333.987030 0.000000 1.161606 303.472522 -34.264591
4 333.987030 333.987030 0.000000 335.148601 303.482506 -34.418559
5 0.000000 0.000000 104.000000 1.219569 -30.490266 69.813215
6 333.987030 0.000000 104.000000 335.206564 -30.480282 69.659247
7 0.000000 333.987030 104.000000 1.209550 303.496755 69.735396
8 333.987030 333.987030 104.000000 335.196544 303.506739 69.581428

(All distances are in millimeters.)
----------------------------------------------------------------------
