----------------------------------------------------------------------
Transformation Parameters

Patient number: 002
From: pet
To: mr_T1_rectified

Point      x          y          z        new_x       new_y       new_z

1 0.000000 0.000000 0.000000 6.297516 10.425825 -11.418904
2 329.021826 0.000000 0.000000 335.319289 10.529677 -11.264593
3 0.000000 329.021826 0.000000 6.193545 339.447537 -11.166544
4 329.021826 329.021826 0.000000 335.215318 339.551390 -11.012233
5 0.000000 0.000000 112.000000 6.245015 10.339904 100.581051
6 329.021826 0.000000 112.000000 335.266789 10.443757 100.735362
7 0.000000 329.021826 112.000000 6.141044 339.361617 100.833411
8 329.021826 329.021826 112.000000 335.162818 339.465469 100.987722

(All distances are in millimeters.)
----------------------------------------------------------------------
