----------------------------------------------------------------------
Transformation Parameters

Patient number: 002
From: pet
To: mr_T1

Point      x          y          z        new_x       new_y       new_z

1 0.000000 0.000000 0.000000 4.128663 11.462682 -8.838753
2 329.021826 0.000000 0.000000 333.150262 11.689144 -9.152311
3 0.000000 329.021826 0.000000 3.901967 340.484338 -9.083545
4 329.021826 329.021826 0.000000 332.923566 340.710801 -9.397103
5 0.000000 0.000000 112.000000 4.235342 11.546083 103.161165
6 329.021826 0.000000 112.000000 333.256940 11.772546 102.847607
7 0.000000 329.021826 112.000000 4.008646 340.567740 102.916373
8 329.021826 329.021826 112.000000 333.030244 340.794202 102.602815

(All distances are in millimeters.)
----------------------------------------------------------------------
