----------------------------------------------------------------------
Transformation Parameters

Patient number: 007
From: pet
To: mr_PD

Point      x          y          z        new_x       new_y       new_z

1 0.000000 0.000000 0.000000 7.943561 -1.209801 7.484862
2 329.021826 0.000000 0.000000 336.965251 -1.218490 7.186439
3 0.000000 329.021826 0.000000 7.951786 327.811628 6.974220
4 329.021826 329.021826 0.000000 336.973477 327.802940 6.675797
5 0.000000 0.000000 112.000000 8.045149 -1.035980 119.484681
6 329.021826 0.000000 112.000000 337.066839 -1.044669 119.186258
7 0.000000 329.021826 112.000000 8.053375 327.985450 118.974039
8 329.021826 329.021826 112.000000 337.075065 327.976761 118.675616

(All distances are in millimeters.)
----------------------------------------------------------------------
