----------------------------------------------------------------------
Transformation Parameters

Patient number: 002
From: pet
To: mr_T2

Point      x          y          z        new_x       new_y       new_z

1 0.000000 0.000000 0.000000 4.596286 2.892620 -13.834732
2 329.021826 0.000000 0.000000 333.617890 3.100830 -13.514266
3 0.000000 329.021826 0.000000 4.387358 331.913552 -13.096737
4 329.021826 329.021826 0.000000 333.408962 332.121762 -12.776271
5 0.000000 0.000000 112.000000 4.487358 2.641336 98.164933
6 329.021826 0.000000 112.000000 333.508962 2.849546 98.485399
7 0.000000 329.021826 112.000000 4.278430 331.662267 98.902928
8 329.021826 329.021826 112.000000 333.300033 331.870477 99.223394

(All distances are in millimeters.)
----------------------------------------------------------------------
