----------------------------------------------------------------------
Transformation Parameters

Patient number: 003
From: ct
To: mr_PD_rectified

Point      x          y          z        new_x       new_y       new_z

1 0.000000 0.000000 0.000000 0.536860 -36.581551 -52.185429
2 333.987030 0.000000 0.000000 334.523807 -36.563879 -51.950302
3 0.000000 333.987030 0.000000 0.519159 297.405476 -52.143012
4 333.987030 333.987030 0.000000 334.506105 297.423148 -51.907886
5 0.000000 0.000000 132.000000 0.443933 -36.598320 79.814538
6 333.987030 0.000000 132.000000 334.430880 -36.580648 80.049664
7 0.000000 333.987030 132.000000 0.426231 297.388707 79.856954
8 333.987030 333.987030 132.000000 334.413178 297.406379 80.092081

(All distances are in millimeters.)
----------------------------------------------------------------------
