----------------------------------------------------------------------
Transformation Parameters

Patient number: 003
From: ct
To: mr_PD

Point      x          y          z        new_x       new_y       new_z

1 0.000000 0.000000 0.000000 0.508375 -35.999348 -52.971453
2 333.987030 0.000000 0.000000 334.495288 -36.271980 -52.909999
3 0.000000 333.987030 0.000000 0.780908 297.987144 -52.437408
4 333.987030 333.987030 0.000000 334.767821 297.714512 -52.375954
5 0.000000 0.000000 132.000000 0.483915 -36.210396 79.028376
6 333.987030 0.000000 132.000000 334.470828 -36.483028 79.089830
7 0.000000 333.987030 132.000000 0.756448 297.776096 79.562421
8 333.987030 333.987030 132.000000 334.743361 297.503464 79.623875

(All distances are in millimeters.)
----------------------------------------------------------------------
