----------------------------------------------------------------------
Transformation Parameters

Patient number: 001
From: ct
To: mr_T2

Point      x          y          z        new_x       new_y       new_z

1 0.000000 0.000000 0.000000 -0.595728 -24.220359 -2.187569
2 333.987030 0.000000 0.000000 333.390273 -24.747966 -2.827154
3 0.000000 333.987030 0.000000 -0.068363 309.766231 -2.314484
4 333.987030 333.987030 0.000000 333.917638 309.238623 -2.954069
5 0.000000 0.000000 108.000000 -0.388844 -24.179645 105.812225
6 333.987030 0.000000 108.000000 333.597157 -24.707253 105.172640
7 0.000000 333.987030 108.000000 0.138521 309.806944 105.685310
8 333.987030 333.987030 108.000000 334.124522 309.279337 105.045725

(All distances are in millimeters.)
----------------------------------------------------------------------
