----------------------------------------------------------------------
Transformation Parameters

Patient number: 009
From: pet
To: mr_T2

Point      x          y          z        new_x       new_y       new_z

1 0.000000 0.000000 0.000000 5.524313 -3.916443 -21.829038
2 329.021826 0.000000 0.000000 334.545593 -3.695708 -22.386071
3 0.000000 329.021826 0.000000 5.304197 325.105105 -21.462837
4 329.021826 329.021826 0.000000 334.325478 325.325840 -22.019870
5 0.000000 0.000000 112.000000 5.714012 -4.040972 90.170732
6 329.021826 0.000000 112.000000 334.735292 -3.820237 89.613699
7 0.000000 329.021826 112.000000 5.493897 324.980576 90.536933
8 329.021826 329.021826 112.000000 334.515177 325.201311 89.979900

(All distances are in millimeters.)
----------------------------------------------------------------------
