----------------------------------------------------------------------
Transformation Parameters

Patient number: 004
From: ct
To: mr_T1_rectified

Point      x          y          z        new_x       new_y       new_z

1 0.000000 0.000000 0.000000 0.693427 -29.831820 -32.688026
2 333.987030 0.000000 0.000000 334.680455 -29.864252 -32.673330
3 0.000000 333.987030 0.000000 0.725823 304.154251 -31.888127
4 333.987030 333.987030 0.000000 334.712851 304.121819 -31.873432
5 0.000000 0.000000 104.000000 0.688827 -30.080899 71.311676
6 333.987030 0.000000 104.000000 334.675855 -30.113331 71.326371
7 0.000000 333.987030 104.000000 0.721223 303.905172 72.111574
8 333.987030 333.987030 104.000000 334.708251 303.872740 72.126270

(All distances are in millimeters.)
----------------------------------------------------------------------
