----------------------------------------------------------------------
Transformation Parameters

Patient number: 008
From: pet
To: mr_T2

Point      x          y          z        new_x       new_y       new_z

1 0.000000 0.000000 0.000000 3.728428 13.627911 -17.645513
2 329.021826 0.000000 0.000000 332.749043 14.053579 -16.861128
3 0.000000 329.021826 0.000000 3.304319 342.648812 -18.300266
4 329.021826 329.021826 0.000000 332.324935 343.074480 -17.515881
5 0.000000 0.000000 112.000000 3.461133 13.850445 94.353947
6 329.021826 0.000000 112.000000 332.481748 14.276114 95.138332
7 0.000000 329.021826 112.000000 3.037025 342.871346 93.699194
8 329.021826 329.021826 112.000000 332.057640 343.297015 94.483579

(All distances are in millimeters.)
----------------------------------------------------------------------
