----------------------------------------------------------------------
Transformation Parameters

Patient number: 008
From: pet
To: mr_T1

Point      x          y          z        new_x       new_y       new_z

1 0.000000 0.000000 0.000000 3.872921 6.511574 -20.137980
2 329.021826 0.000000 0.000000 332.894672 6.314066 -20.035326
3 0.000000 329.021826 0.000000 4.070663 335.532483 -20.888807
4 329.021826 329.021826 0.000000 333.092413 335.334975 -20.786153
5 0.000000 0.000000 112.000000 3.838131 6.767178 91.861723
6 329.021826 0.000000 112.000000 332.859881 6.569670 91.964377
7 0.000000 329.021826 112.000000 4.035872 335.788088 91.110896
8 329.021826 329.021826 112.000000 333.057623 335.590580 91.213550

(All distances are in millimeters.)
----------------------------------------------------------------------
