----------------------------------------------------------------------
Transformation Parameters

Patient number: 002
From: ct
To: mr_T1_rectified

Point      x          y          z        new_x       new_y       new_z

1 0.000000 0.000000 0.000000 2.665489 -27.562918 -17.041980
2 333.987030 0.000000 0.000000 336.652483 -27.423001 -17.110447
3 0.000000 333.987030 0.000000 2.525549 306.424063 -17.156538
4 333.987030 333.987030 0.000000 336.512543 306.563980 -17.225005
5 0.000000 0.000000 112.000000 2.688433 -27.524492 94.958011
6 333.987030 0.000000 112.000000 336.675427 -27.384575 94.889544
7 0.000000 333.987030 112.000000 2.548493 306.462489 94.843453
8 333.987030 333.987030 112.000000 336.535487 306.602406 94.774986

(All distances are in millimeters.)
----------------------------------------------------------------------
