----------------------------------------------------------------------
Transformation Parameters

Patient number: 005
From: pet
To: mr_T2_rectified

Point      x          y          z        new_x       new_y       new_z

1 0.000000 0.000000 0.000000 50.948269 24.618960 3.067675
2 246.766339 0.000000 0.000000 297.714592 24.691538 3.017335
3 0.000000 246.766339 0.000000 50.875720 271.385249 3.207592
4 246.766339 246.766339 0.000000 297.642043 271.457826 3.157251
5 0.000000 0.000000 112.000000 50.971136 24.555463 115.067655
6 246.766339 0.000000 112.000000 297.737459 24.628040 115.017314
7 0.000000 246.766339 112.000000 50.898587 271.321751 115.207571
8 246.766339 246.766339 112.000000 297.664910 271.394329 115.157231

(All distances are in millimeters.)
----------------------------------------------------------------------
