----------------------------------------------------------------------
Transformation Parameters

Patient number: 002
From: ct
To: mr_T2

Point      x          y          z        new_x       new_y       new_z

1 0.000000 0.000000 0.000000 0.145026 -33.370064 -21.196615
2 333.987030 0.000000 0.000000 334.131926 -33.315630 -20.907383
3 0.000000 333.987030 0.000000 0.090586 300.616961 -21.190269
4 333.987030 333.987030 0.000000 334.077486 300.671396 -20.901037
5 0.000000 0.000000 112.000000 0.048034 -33.372208 90.803343
6 333.987030 0.000000 112.000000 334.034934 -33.317773 91.092575
7 0.000000 333.987030 112.000000 -0.006406 300.614818 90.809689
8 333.987030 333.987030 112.000000 333.980494 300.669252 91.098921

(All distances are in millimeters.)
----------------------------------------------------------------------
