----------------------------------------------------------------------
Transformation Parameters

Patient number: 005
From: ct
To: mr_T2

Point      x          y          z        new_x       new_y       new_z

1 0.000000 0.000000 0.000000 -6.199169 -32.345174 -21.696862
2 333.987030 0.000000 0.000000 327.787604 -31.951032 -21.825447
3 0.000000 333.987030 0.000000 -6.593273 301.641610 -21.600674
4 333.987030 333.987030 0.000000 327.393499 302.035752 -21.729259
5 0.000000 0.000000 128.000000 -6.149845 -32.381980 106.303123
6 333.987030 0.000000 128.000000 327.836927 -31.987838 106.174538
7 0.000000 333.987030 128.000000 -6.543950 301.604804 106.399311
8 333.987030 333.987030 128.000000 327.442823 301.998946 106.270726

(All distances are in millimeters.)
----------------------------------------------------------------------
