----------------------------------------------------------------------
Transformation Parameters

Patient number: 006
From: pet
To: mr_PD_rectified

Point      x          y          z        new_x       new_y       new_z

1 0.000000 0.000000 0.000000 7.870303 -3.190228 5.154784
2 329.021826 0.000000 0.000000 336.891715 -3.296384 5.665755
3 0.000000 329.021826 0.000000 7.976577 325.831571 5.078451
4 329.021826 329.021826 0.000000 336.997989 325.725416 5.589422
5 0.000000 0.000000 112.000000 7.696375 -3.164188 117.154646
6 329.021826 0.000000 112.000000 336.717787 -3.270344 117.665617
7 0.000000 329.021826 112.000000 7.802649 325.857612 117.078313
8 329.021826 329.021826 112.000000 336.824061 325.751456 117.589284

(All distances are in millimeters.)
----------------------------------------------------------------------
