----------------------------------------------------------------------
Transformation Parameters

Patient number: 005
From: ct
To: mr_T1

Point      x          y          z        new_x       new_y       new_z

1 0.000000 0.000000 0.000000 -5.516877 -31.636873 -17.375400
2 333.987030 0.000000 0.000000 328.469853 -31.874600 -16.995657
3 0.000000 333.987030 0.000000 -5.279078 302.350067 -17.438190
4 333.987030 333.987030 0.000000 328.707652 302.112339 -17.058447
5 0.000000 0.000000 128.000000 -5.662396 -31.612705 110.624515
6 333.987030 0.000000 128.000000 328.324334 -31.850433 111.004258
7 0.000000 333.987030 128.000000 -5.424597 302.374234 110.561725
8 333.987030 333.987030 128.000000 328.562133 302.136507 110.941468

(All distances are in millimeters.)
----------------------------------------------------------------------
