----------------------------------------------------------------------
Transformation Parameters

Patient number: 007
From: pet
To: mr_T1

Point      x          y          z        new_x       new_y       new_z

1 0.000000 0.000000 0.000000 7.301465 -2.126741 6.107071
2 329.021826 0.000000 0.000000 336.322398 -1.815434 6.807228
3 0.000000 329.021826 0.000000 6.989223 326.894644 6.546315
4 329.021826 329.021826 0.000000 336.010157 327.205950 7.246472
5 0.000000 0.000000 112.000000 7.063271 -2.276486 118.106718
6 329.021826 0.000000 112.000000 336.084204 -1.965180 118.806875
7 0.000000 329.021826 112.000000 6.751030 326.744898 118.545962
8 329.021826 329.021826 112.000000 335.771963 327.056204 119.246119

(All distances are in millimeters.)
----------------------------------------------------------------------
