----------------------------------------------------------------------
Transformation Parameters

Patient number: 006
From: ct
To: mr_PD

Point      x          y          z        new_x       new_y       new_z

1 0.000000 0.000000 0.000000 -7.936850 -32.250516 -25.397404
2 333.987030 0.000000 0.000000 326.049544 -32.082270 -24.767507
3 0.000000 333.987030 0.000000 -8.106515 301.735623 -24.644932
4 333.987030 333.987030 0.000000 325.879879 301.903869 -24.015035
5 0.000000 0.000000 116.000000 -8.155493 -32.511975 90.602095
6 333.987030 0.000000 116.000000 325.830901 -32.343729 91.231992
7 0.000000 333.987030 116.000000 -8.325158 301.474164 91.354567
8 333.987030 333.987030 116.000000 325.661236 301.642410 91.984464

(All distances are in millimeters.)
----------------------------------------------------------------------
