----------------------------------------------------------------------
Transformation Parameters

Patient number: 006
From: pet
To: mr_T1

Point      x          y          z        new_x       new_y       new_z

1 0.000000 0.000000 0.000000 7.886837 2.924076 15.018554
2 329.021826 0.000000 0.000000 336.908517 3.188561 15.178787
3 0.000000 329.021826 0.000000 7.622303 331.945780 15.116931
4 329.021826 329.021826 0.000000 336.643984 332.210266 15.277165
5 0.000000 0.000000 112.000000 7.832320 2.890544 127.018535
6 329.021826 0.000000 112.000000 336.854000 3.155029 127.178769
7 0.000000 329.021826 112.000000 7.567786 331.912249 127.116913
8 329.021826 329.021826 112.000000 336.589467 332.176734 127.277146

(All distances are in millimeters.)
----------------------------------------------------------------------
