----------------------------------------------------------------------
Transformation Parameters

Patient number: 002
From: ct
To: mr_T1

Point      x          y          z        new_x       new_y       new_z

1 0.000000 0.000000 0.000000 0.727118 -25.907384 -18.161184
2 333.987030 0.000000 0.000000 334.713998 -25.637761 -18.326508
3 0.000000 333.987030 0.000000 0.457590 308.079482 -17.969142
4 333.987030 333.987030 0.000000 334.444470 308.349105 -18.134465
5 0.000000 0.000000 112.000000 0.782610 -25.971739 93.838783
6 333.987030 0.000000 112.000000 334.769490 -25.702116 93.673460
7 0.000000 333.987030 112.000000 0.513082 308.015127 94.030826
8 333.987030 333.987030 112.000000 334.499962 308.284750 93.865502

(All distances are in millimeters.)
----------------------------------------------------------------------
