----------------------------------------------------------------------
Transformation Parameters

Patient number: 006
From: pet
To: mr_T2_rectified

Point      x          y          z        new_x       new_y       new_z

1 0.000000 0.000000 0.000000 7.453929 4.263485 -5.143157
2 329.021826 0.000000 0.000000 336.475435 3.892621 -4.872372
3 0.000000 329.021826 0.000000 7.825066 333.284935 -5.474482
4 329.021826 329.021826 0.000000 336.846571 332.914071 -5.203697
5 0.000000 0.000000 112.000000 7.361881 4.376373 106.856749
6 329.021826 0.000000 112.000000 336.383386 4.005509 107.127534
7 0.000000 329.021826 112.000000 7.733017 333.397823 106.525424
8 329.021826 329.021826 112.000000 336.754522 333.026959 106.796209

(All distances are in millimeters.)
----------------------------------------------------------------------
