----------------------------------------------------------------------
Transformation Parameters

Patient number: 003
From: ct
To: mr_T1

Point      x          y          z        new_x       new_y       new_z

1 0.000000 0.000000 0.000000 -0.736845 -29.873687 -35.244465
2 333.987030 0.000000 0.000000 333.249763 -30.136275 -35.705367
3 0.000000 333.987030 0.000000 -0.475000 304.112807 -35.782518
4 333.987030 333.987030 0.000000 333.511609 303.850219 -36.243420
5 0.000000 0.000000 132.000000 -0.554519 -29.661179 96.755238
6 333.987030 0.000000 132.000000 333.432090 -29.923767 96.294336
7 0.000000 333.987030 132.000000 -0.292673 304.325315 96.217185
8 333.987030 333.987030 132.000000 333.693935 304.062727 95.756283

(All distances are in millimeters.)
----------------------------------------------------------------------
