----------------------------------------------------------------------
Transformation Parameters

Patient number: 002
From: ct
To: mr_PD

Point      x          y          z        new_x       new_y       new_z

1 0.000000 0.000000 0.000000 0.686127 -33.075820 -17.808237
2 333.987030 0.000000 0.000000 334.672947 -32.747795 -17.987922
3 0.000000 333.987030 0.000000 0.358152 300.911035 -17.714053
4 333.987030 333.987030 0.000000 334.344972 301.239061 -17.893738
5 0.000000 0.000000 112.000000 0.746414 -33.107345 94.191742
6 333.987030 0.000000 112.000000 334.733234 -32.779319 94.012057
7 0.000000 333.987030 112.000000 0.418439 300.879511 94.285926
8 333.987030 333.987030 112.000000 334.405259 301.207536 94.106241

(All distances are in millimeters.)
----------------------------------------------------------------------
