----------------------------------------------------------------------
Transformation Parameters

Patient number: 005
From: pet
To: mr_T1_rectified

Point      x          y          z        new_x       new_y       new_z

1 0.000000 0.000000 0.000000 50.821712 25.126980 2.228794
2 246.766339 0.000000 0.000000 297.587384 25.239644 2.791418
3 0.000000 246.766339 0.000000 50.710914 271.891938 1.410519
4 246.766339 246.766339 0.000000 297.476586 272.004601 1.973142
5 0.000000 0.000000 112.000000 50.566185 25.498256 114.227888
6 246.766339 0.000000 112.000000 297.331857 25.610919 114.790511
7 0.000000 246.766339 112.000000 50.455388 272.263213 113.409612
8 246.766339 246.766339 112.000000 297.221060 272.375877 113.972236

(All distances are in millimeters.)
----------------------------------------------------------------------
