----------------------------------------------------------------------
Transformation Parameters

Patient number: 001
From: pet
To: mr_PD

Point      x          y          z        new_x       new_y       new_z

1 0.000000 0.000000 0.000000 5.650397 -13.893254 6.646435
2 329.021826 0.000000 0.000000 334.670756 -13.620439 5.702803
3 0.000000 329.021826 0.000000 5.379283 315.127926 7.239661
4 329.021826 329.021826 0.000000 334.399643 315.400740 6.296029
5 0.000000 0.000000 112.000000 5.971779 -14.094924 118.645793
6 329.021826 0.000000 112.000000 334.992138 -13.822110 117.702161
7 0.000000 329.021826 112.000000 5.700665 314.926255 119.239019
8 329.021826 329.021826 112.000000 334.721025 315.199069 118.295387

(All distances are in millimeters.)
----------------------------------------------------------------------
