----------------------------------------------------------------------
Transformation Parameters

Patient number: 005
From: pet
To: mr_PD

Point      x          y          z        new_x       new_y       new_z

1 0.000000 0.000000 0.000000 49.724082 25.841420 -1.117528
2 246.766339 0.000000 0.000000 296.490240 25.567634 -1.237457
3 0.000000 246.766339 0.000000 49.997992 272.607473 -0.860891
4 246.766339 246.766339 0.000000 296.764150 272.333688 -0.980820
5 0.000000 0.000000 112.000000 49.778385 25.724879 110.882398
6 246.766339 0.000000 112.000000 296.544543 25.451094 110.762469
7 0.000000 246.766339 112.000000 50.052295 272.490933 111.139035
8 246.766339 246.766339 112.000000 296.818453 272.217147 111.019106

(All distances are in millimeters.)
----------------------------------------------------------------------
