----------------------------------------------------------------------
Transformation Parameters

Patient number: 002
From: ct
To: mr_T2_rectified

Point      x          y          z        new_x       new_y       new_z

1 0.000000 0.000000 0.000000 3.289919 -30.369843 -16.828562
2 333.987030 0.000000 0.000000 337.276745 -30.054874 -16.635852
3 0.000000 333.987030 0.000000 2.974970 303.617037 -16.862963
4 333.987030 333.987030 0.000000 336.961796 303.932006 -16.670252
5 0.000000 0.000000 112.000000 3.225284 -30.358368 95.171418
6 333.987030 0.000000 112.000000 337.212110 -30.043399 95.364129
7 0.000000 333.987030 112.000000 2.910335 303.628512 95.137018
8 333.987030 333.987030 112.000000 336.897161 303.943481 95.329728

(All distances are in millimeters.)
----------------------------------------------------------------------
