----------------------------------------------------------------------
Transformation Parameters

Patient number: 005
From: pet
To: mr_T2

Point      x          y          z        new_x       new_y       new_z

1 0.000000 0.000000 0.000000 49.966322 26.413868 -3.157167
2 246.766339 0.000000 0.000000 296.731181 26.243799 -2.319661
3 0.000000 246.766339 0.000000 50.130912 273.174875 -1.543326
4 246.766339 246.766339 0.000000 296.895771 273.004806 -0.705821
5 0.000000 0.000000 112.000000 49.585706 25.681651 108.839793
6 246.766339 0.000000 112.000000 296.350565 25.511582 109.677298
7 0.000000 246.766339 112.000000 49.750296 272.442658 110.453633
8 246.766339 246.766339 112.000000 296.515155 272.272589 111.291139

(All distances are in millimeters.)
----------------------------------------------------------------------
