----------------------------------------------------------------------
Transformation Parameters

Patient number: 007
From: pet
To: mr_T2

Point      x          y          z        new_x       new_y       new_z

1 0.000000 0.000000 0.000000 6.315612 -1.227557 -1.150887
2 329.021826 0.000000 0.000000 335.337334 -1.480547 -1.215375
3 0.000000 329.021826 0.000000 6.568630 327.794142 -1.011711
4 329.021826 329.021826 0.000000 335.590352 327.541152 -1.076199
5 0.000000 0.000000 112.000000 6.337528 -1.274950 110.849101
6 329.021826 0.000000 112.000000 335.359250 -1.527940 110.784613
7 0.000000 329.021826 112.000000 6.590545 327.746749 110.988277
8 329.021826 329.021826 112.000000 335.612268 327.493759 110.923789

(All distances are in millimeters.)
----------------------------------------------------------------------
