----------------------------------------------------------------------
Transformation Parameters

Patient number: 006
From: ct
To: mr_T2

Point      x          y          z        new_x       new_y       new_z

1 0.000000 0.000000 0.000000 -7.822609 -31.080944 -25.872501
2 333.987030 0.000000 0.000000 326.164374 -31.039759 -26.045172
3 0.000000 333.987030 0.000000 -7.863689 302.906022 -25.669437
4 333.987030 333.987030 0.000000 326.123294 302.947207 -25.842108
5 0.000000 0.000000 116.000000 -7.762628 -31.151465 90.127462
6 333.987030 0.000000 116.000000 326.224355 -31.110279 89.954791
7 0.000000 333.987030 116.000000 -7.803708 302.835501 90.330526
8 333.987030 333.987030 116.000000 326.183275 302.876686 90.157855

(All distances are in millimeters.)
----------------------------------------------------------------------
