----------------------------------------------------------------------
Transformation Parameters

Patient number: 002
From: ct
To: mr_PD_rectified

Point      x          y          z        new_x       new_y       new_z

1 0.000000 0.000000 0.000000 2.156309 -31.253616 -15.711517
2 333.987030 0.000000 0.000000 336.142853 -31.190639 -16.277959
3 0.000000 333.987030 0.000000 2.092851 302.733287 -15.994738
4 333.987030 333.987030 0.000000 336.079395 302.796265 -16.561180
5 0.000000 0.000000 112.000000 2.346243 -31.158605 96.288282
6 333.987030 0.000000 112.000000 336.332787 -31.095627 95.721840
7 0.000000 333.987030 112.000000 2.282785 302.828299 96.005061
8 333.987030 333.987030 112.000000 336.269329 302.891276 95.438619

(All distances are in millimeters.)
----------------------------------------------------------------------
