----------------------------------------------------------------------
Transformation Parameters

Patient number: 002
From: pet
To: mr_T2_rectified

Point      x          y          z        new_x       new_y       new_z

1 0.000000 0.000000 0.000000 7.077805 6.870909 -7.521131
2 329.021826 0.000000 0.000000 336.096783 6.603092 -6.178725
3 0.000000 329.021826 0.000000 7.345299 335.892616 -7.441507
4 329.021826 329.021826 0.000000 336.364278 335.624799 -6.099102
5 0.000000 0.000000 112.000000 6.620824 6.844177 104.477934
6 329.021826 0.000000 112.000000 335.639802 6.576359 105.820339
7 0.000000 329.021826 112.000000 6.888319 335.865884 104.557557
8 329.021826 329.021826 112.000000 335.907297 335.598067 105.899963

(All distances are in millimeters.)
----------------------------------------------------------------------
