----------------------------------------------------------------------
Transformation Parameters

Patient number: 002
From: pet
To: mr_PD

Point      x          y          z        new_x       new_y       new_z

1 0.000000 0.000000 0.000000 4.039309 2.109322 -13.763383
2 329.021826 0.000000 0.000000 333.060737 2.117047 -13.251754
3 0.000000 329.021826 0.000000 4.031412 331.131129 -13.652502
4 329.021826 329.021826 0.000000 333.052840 331.138854 -13.140874
5 0.000000 0.000000 112.000000 3.865150 2.071574 98.236476
6 329.021826 0.000000 112.000000 332.886578 2.079298 98.748104
7 0.000000 329.021826 112.000000 3.857253 331.093381 98.347356
8 329.021826 329.021826 112.000000 332.878681 331.101105 98.858985

(All distances are in millimeters.)
----------------------------------------------------------------------
