----------------------------------------------------------------------
Transformation Parameters

Patient number: 002
From: ct
To: mr_T1

Point      x          y          z        new_x       new_y       new_z

1 0.000000 0.000000 0.000000 -2.342093 -17.060021 -6.908153
2 333.987030 0.000000 0.000000 331.522701 -23.382984 -0.454055
3 0.000000 333.987030 0.000000 4.316408 316.387695 -24.673886
4 333.987030 333.987030 0.000000 338.181203 310.064732 -18.219788
5 0.000000 0.000000 112.000000 -4.390143 -11.061450 104.912340
6 333.987030 0.000000 112.000000 329.474652 -17.384413 111.366438
7 0.000000 333.987030 112.000000 2.268359 322.386266 87.146607
8 333.987030 333.987030 112.000000 336.133154 316.063303 93.600705

(All distances are in millimeters.)
----------------------------------------------------------------------
