----------------------------------------------------------------------
Transformation Parameters

Patient number: 001
From: ct
To: mr_PD

Point      x          y          z        new_x       new_y       new_z

1 0.000000 0.000000 0.000000 -9.327907 -6.086748 -1.555083
2 333.987030 0.000000 0.000000 323.499142 -33.897477 -1.790210
3 0.000000 333.987030 0.000000 18.482678 326.740331 -1.763825
4 333.987030 333.987030 0.000000 351.309726 298.929601 -1.998951
5 0.000000 0.000000 108.000000 -9.246518 -6.025813 106.444869
6 333.987030 0.000000 108.000000 323.580530 -33.836543 106.209743
7 0.000000 333.987030 108.000000 18.564066 326.801265 106.236128
8 333.987030 333.987030 108.000000 351.391115 298.990536 106.001001

(All distances are in millimeters.)
----------------------------------------------------------------------
