----------------------------------------------------------------------
Transformation Parameters

Patient number: 007
From: pet
To: mr_PD_rectified

Point      x          y          z        new_x       new_y       new_z

1 0.000000 0.000000 0.000000 7.431151 -3.007396 9.831784
2 329.021826 0.000000 0.000000 336.452896 -3.041509 10.059338
3 0.000000 329.021826 0.000000 7.472913 325.827567 -1.255468
4 329.021826 329.021826 0.000000 336.494658 325.793454 -1.027914
5 0.000000 0.000000 112.000000 7.354126 0.766746 121.768150
6 329.021826 0.000000 112.000000 336.375871 0.732633 121.995704
7 0.000000 329.021826 112.000000 7.395888 329.601709 110.680898
8 329.021826 329.021826 112.000000 336.417633 329.567596 110.908452

(All distances are in millimeters.)
----------------------------------------------------------------------
