----------------------------------------------------------------------
Transformation Parameters

Patient number: 005
From: pet
To: mr_T2

Point      x          y          z        new_x       new_y       new_z

1 0.000000 0.000000 0.000000 54.630303 23.799429 -3.032935
2 246.766339 0.000000 0.000000 300.998646 28.381068 10.206179
3 0.000000 246.766339 0.000000 49.968742 270.517952 -1.666844
4 246.766339 246.766339 0.000000 296.337085 275.099591 11.572271
5 0.000000 0.000000 112.000000 48.634134 23.066890 108.804041
6 246.766339 0.000000 112.000000 295.002477 27.648529 122.043156
7 0.000000 246.766339 112.000000 43.972573 269.785413 110.170133
8 246.766339 246.766339 112.000000 290.340916 274.367052 123.409247

(All distances are in millimeters.)
----------------------------------------------------------------------
