----------------------------------------------------------------------
Transformation Parameters

Patient number: 001
From: pet
To: mr_T2

Point      x          y          z        new_x       new_y       new_z

1 0.000000 0.000000 0.000000 -3.896087 -1.620491 -8.409795
2 329.021826 0.000000 0.000000 324.602918 -16.956194 -18.830047
3 0.000000 329.021826 0.000000 12.698418 324.042709 35.447524
4 329.021826 329.021826 0.000000 341.197423 308.707006 25.027273
5 0.000000 0.000000 112.000000 -1.081059 -16.704830 102.534057
6 329.021826 0.000000 112.000000 327.417946 -32.040533 92.113806
7 0.000000 329.021826 112.000000 15.513446 308.958370 146.391377
8 329.021826 329.021826 112.000000 344.012451 293.622667 135.971125

(All distances are in millimeters.)
----------------------------------------------------------------------
