----------------------------------------------------------------------
Transformation Parameters

Patient number: 001
From: pet
To: mr_PD_rectified

Point      x          y          z        new_x       new_y       new_z

1 0.000000 0.000000 0.000000 0.944844 -2.622444 25.143565
2 329.021826 0.000000 0.000000 329.609158 -15.700938 17.138378
3 0.000000 329.021826 0.000000 14.588906 325.194270 49.748515
4 329.021826 329.021826 0.000000 343.253221 312.115776 41.743329
5 0.000000 0.000000 112.000000 3.326925 -11.101942 136.796705
6 329.021826 0.000000 112.000000 331.991240 -24.180436 128.791519
7 0.000000 329.021826 112.000000 16.970987 316.714772 161.401656
8 329.021826 329.021826 112.000000 345.635302 303.636277 153.396469

(All distances are in millimeters.)
----------------------------------------------------------------------
