----------------------------------------------------------------------
Transformation Parameters

Patient number: 007
From: pet
To: mr_T1

Point      x          y          z        new_x       new_y       new_z

1 0.000000 0.000000 0.000000 4.579226 6.296346 61.782479
2 329.021826 0.000000 0.000000 333.243956 0.595482 47.557254
3 0.000000 329.021826 0.000000 8.416959 332.591447 19.685675
4 329.021826 329.021826 0.000000 337.081690 326.890582 5.460450
5 0.000000 0.000000 112.000000 9.629694 20.554189 172.756380
6 329.021826 0.000000 112.000000 338.294424 14.853325 158.531155
7 0.000000 329.021826 112.000000 13.467428 346.849290 130.659576
8 329.021826 329.021826 112.000000 342.132158 341.148425 116.434351

(All distances are in millimeters.)
----------------------------------------------------------------------
