----------------------------------------------------------------------
Transformation Parameters

Patient number: 002
From: ct
To: mr_PD

Point      x          y          z        new_x       new_y       new_z

1 0.000000 0.000000 0.000000 -1.415261 -22.697157 -6.883822
2 333.987030 0.000000 0.000000 332.549120 -26.510858 -7.647917
3 0.000000 333.987030 0.000000 2.352779 310.802527 -24.521817
4 333.987030 333.987030 0.000000 336.317160 306.988826 -25.285913
5 0.000000 0.000000 112.000000 -1.091862 -16.785682 104.959595
6 333.987030 0.000000 112.000000 332.872519 -20.599383 104.195499
7 0.000000 333.987030 112.000000 2.676178 316.714002 87.321599
8 333.987030 333.987030 112.000000 336.640559 312.900301 86.557504

(All distances are in millimeters.)
----------------------------------------------------------------------
