----------------------------------------------------------------------
Transformation Parameters

Patient number: 006
From: ct
To: mr_PD

Point      x          y          z        new_x       new_y       new_z

1 0.000000 0.000000 0.000000 -13.261766 -21.980779 -1.980208
2 333.987030 0.000000 0.000000 320.202523 -32.829014 -17.186130
3 0.000000 333.987030 0.000000 -3.234427 311.374157 -19.904358
4 333.987030 333.987030 0.000000 330.229862 300.525922 -35.110281
5 0.000000 0.000000 116.000000 -7.788250 -15.923688 113.732161
6 333.987030 0.000000 116.000000 325.676039 -26.771923 98.526238
7 0.000000 333.987030 116.000000 2.239089 317.431248 95.808010
8 333.987030 333.987030 116.000000 335.703378 306.583013 80.602088

(All distances are in millimeters.)
----------------------------------------------------------------------
