----------------------------------------------------------------------
Transformation Parameters

Patient number: 002
From: pet
To: mr_T1

Point      x          y          z        new_x       new_y       new_z

1 0.000000 0.000000 0.000000 0.569094 15.184344 25.178221
2 329.021826 0.000000 0.000000 329.523383 8.775296 27.011634
3 0.000000 329.021826 0.000000 7.106480 343.043088 -1.678215
4 329.021826 329.021826 0.000000 336.060769 336.634041 0.155198
5 0.000000 0.000000 112.000000 0.125279 24.336877 136.802744
6 329.021826 0.000000 112.000000 329.079568 17.927830 138.636157
7 0.000000 329.021826 112.000000 6.662665 352.195622 109.946308
8 329.021826 329.021826 112.000000 335.616954 345.786574 111.779721

(All distances are in millimeters.)
----------------------------------------------------------------------
