----------------------------------------------------------------------
Transformation Parameters

Patient number: 005
From: pet
To: mr_PD

Point      x          y          z        new_x       new_y       new_z

1 0.000000 0.000000 0.000000 49.022432 25.091918 16.276463
2 246.766339 0.000000 0.000000 295.782189 23.492843 15.445011
3 0.000000 246.766339 0.000000 50.575914 271.516632 3.389527
4 246.766339 246.766339 0.000000 297.335671 269.917557 2.558075
5 0.000000 0.000000 112.000000 49.437184 30.938388 128.122995
6 246.766339 0.000000 112.000000 296.196941 29.339313 127.291543
7 0.000000 246.766339 112.000000 50.990666 277.363102 115.236059
8 246.766339 246.766339 112.000000 297.750423 275.764027 114.404607

(All distances are in millimeters.)
----------------------------------------------------------------------
