----------------------------------------------------------------------
Transformation Parameters

Patient number: 006
From: ct
To: mr_T2_rectified

Point      x          y          z        new_x       new_y       new_z

1 0.000000 0.000000 0.000000 -11.010741 -29.852866 -29.647081
2 333.987030 0.000000 0.000000 322.940515 -32.263510 -33.899521
3 0.000000 333.987030 0.000000 -8.837458 303.621504 -48.017112
4 333.987030 333.987030 0.000000 325.113798 301.210859 -52.269553
5 0.000000 0.000000 116.000000 -9.490004 -23.482901 86.167905
6 333.987030 0.000000 116.000000 324.461252 -25.893546 81.915464
7 0.000000 333.987030 116.000000 -7.316721 309.991468 67.797873
8 333.987030 333.987030 116.000000 326.634535 307.580824 63.545433

(All distances are in millimeters.)
----------------------------------------------------------------------
