----------------------------------------------------------------------
Transformation Parameters

Patient number: 006
From: pet
To: mr_T2

Point      x          y          z        new_x       new_y       new_z

1 0.000000 0.000000 0.000000 10.825008 -2.528613 -33.453371
2 329.021826 0.000000 0.000000 339.509963 8.886408 -23.900394
3 0.000000 329.021826 0.000000 -2.229288 319.990145 30.316511
4 329.021826 329.021826 0.000000 326.455667 331.405166 39.869488
5 0.000000 0.000000 112.000000 8.390533 -24.342865 76.374730
6 329.021826 0.000000 112.000000 337.075488 -12.927843 85.927707
7 0.000000 329.021826 112.000000 -4.663763 298.175894 140.144612
8 329.021826 329.021826 112.000000 324.021192 309.590915 149.697589

(All distances are in millimeters.)
----------------------------------------------------------------------
