----------------------------------------------------------------------
Transformation Parameters

Patient number: 001
From: ct
To: mr_T2

Point      x          y          z        new_x       new_y       new_z

1 0.000000 0.000000 0.000000 -3.932009 -9.089679 -26.429626
2 333.987030 0.000000 0.000000 329.977946 -14.700435 -30.901470
3 0.000000 333.987030 0.000000 2.041401 323.618001 2.158039
4 333.987030 333.987030 0.000000 335.951356 318.007245 -2.313806
5 0.000000 0.000000 108.000000 -2.646804 -18.357683 81.164298
6 333.987030 0.000000 108.000000 331.263151 -23.968438 76.692453
7 0.000000 333.987030 108.000000 3.326606 314.349997 109.751962
8 333.987030 333.987030 108.000000 337.236561 308.739241 105.280118

(All distances are in millimeters.)
----------------------------------------------------------------------
