----------------------------------------------------------------------
Transformation Parameters

Patient number: 001
From: pet
To: mr_T1

Point      x          y          z        new_x       new_y       new_z

1 0.000000 0.000000 0.000000 4.398055 -9.030715 38.351720
2 329.021826 0.000000 0.000000 333.382177 -10.709421 33.662194
3 0.000000 329.021826 0.000000 5.971365 319.904652 30.975340
4 329.021826 329.021826 0.000000 334.955486 318.225946 26.285814
5 0.000000 0.000000 112.000000 6.006775 -6.527694 150.312190
6 329.021826 0.000000 112.000000 334.990897 -8.206400 145.622664
7 0.000000 329.021826 112.000000 7.580085 322.407672 142.935810
8 329.021826 329.021826 112.000000 336.564207 320.728967 138.246284

(All distances are in millimeters.)
----------------------------------------------------------------------
