----------------------------------------------------------------------
Transformation Parameters

Patient number: 007
From: ct
To: mr_T1_rectified

Point      x          y          z        new_x       new_y       new_z

1 0.000000 0.000000 0.000000 -5.037526 -20.215677 17.308202
2 333.987030 0.000000 0.000000 328.938606 -22.895499 17.620997
3 0.000000 333.987030 0.000000 -2.339610 311.828165 -18.565807
4 333.987030 333.987030 0.000000 331.636522 309.148343 -18.253011
5 0.000000 0.000000 108.000000 -5.045006 -8.614809 124.683337
6 333.987030 0.000000 108.000000 328.931126 -11.294631 124.996133
7 0.000000 333.987030 108.000000 -2.347090 323.429033 88.809329
8 333.987030 333.987030 108.000000 331.629042 320.749211 89.122124

(All distances are in millimeters.)
----------------------------------------------------------------------
