----------------------------------------------------------------------
Transformation Parameters

Patient number: 006
From: pet
To: mr_PD_rectified

Point      x          y          z        new_x       new_y       new_z

1 0.000000 0.000000 0.000000 0.284437 5.202901 39.242888
2 329.021826 0.000000 0.000000 328.160358 -7.462221 14.904915
3 0.000000 329.021826 0.000000 11.770809 333.626592 23.077975
4 329.021826 329.021826 0.000000 339.646730 320.961470 -1.259997
5 0.000000 0.000000 112.000000 8.765906 10.397096 150.800429
6 329.021826 0.000000 112.000000 336.641827 -2.268026 126.462457
7 0.000000 329.021826 112.000000 20.252278 338.820787 134.635517
8 329.021826 329.021826 112.000000 348.128199 326.155665 110.297544

(All distances are in millimeters.)
----------------------------------------------------------------------
