----------------------------------------------------------------------
Transformation Parameters

Patient number: 004
From: ct
To: mr_PD

Point      x          y          z        new_x       new_y       new_z

1 0.000000 0.000000 0.000000 -4.242298 -19.686262 -42.320294
2 333.987030 0.000000 0.000000 329.714388 -24.139038 -41.656329
3 0.000000 333.987030 0.000000 0.209614 314.270809 -41.883105
4 333.987030 333.987030 0.000000 334.166300 309.818034 -41.219140
5 0.000000 0.000000 104.000000 -4.450846 -19.819630 61.679412
6 333.987030 0.000000 104.000000 329.505840 -24.272405 62.343377
7 0.000000 333.987030 104.000000 0.001066 314.137442 62.116601
8 333.987030 333.987030 104.000000 333.957752 309.684666 62.780566

(All distances are in millimeters.)
----------------------------------------------------------------------
