----------------------------------------------------------------------
Transformation Parameters

Patient number: 003
From: ct
To: mr_T2_rectified

Point      x          y          z        new_x       new_y       new_z

1 0.000000 0.000000 0.000000 1.739278 -30.354805 -49.477911
2 333.987030 0.000000 0.000000 335.624719 -36.504239 -43.997627
3 0.000000 333.987030 0.000000 8.002803 303.500429 -56.462740
4 333.987030 333.987030 0.000000 341.888244 297.350994 -50.982456
5 0.000000 0.000000 132.000000 -0.374984 -27.554446 82.475444
6 333.987030 0.000000 132.000000 333.510457 -33.703881 87.955728
7 0.000000 333.987030 132.000000 5.888542 306.300787 75.490615
8 333.987030 333.987030 132.000000 339.773982 300.151353 80.970899

(All distances are in millimeters.)
----------------------------------------------------------------------
