----------------------------------------------------------------------
Transformation Parameters

Patient number: 006
From: pet
To: mr_PD

Point      x          y          z        new_x       new_y       new_z

1 0.000000 0.000000 0.000000 2.231819 2.556484 26.218918
2 329.021826 0.000000 0.000000 330.961281 -2.006724 13.123883
3 0.000000 329.021826 0.000000 6.430355 331.422800 17.016720
4 329.021826 329.021826 0.000000 335.159817 326.859592 3.921685
5 0.000000 0.000000 112.000000 6.730745 5.629274 138.086329
6 329.021826 0.000000 112.000000 335.460207 1.066066 124.991294
7 0.000000 329.021826 112.000000 10.929281 334.495590 128.884131
8 329.021826 329.021826 112.000000 339.658742 329.932382 115.789096

(All distances are in millimeters.)
----------------------------------------------------------------------
