----------------------------------------------------------------------
Transformation Parameters

Patient number: 001
From: ct
To: mr_T2_rectified

Point      x          y          z        new_x       new_y       new_z

1 0.000000 0.000000 0.000000 -3.172840 -16.714627 -16.728039
2 333.987030 0.000000 0.000000 330.734524 -23.727150 -18.736178
3 0.000000 333.987030 0.000000 3.860680 317.179599 -13.190848
4 333.987030 333.987030 0.000000 337.768045 310.167076 -15.198988
5 0.000000 0.000000 108.000000 -2.547673 -17.871836 91.263952
6 333.987030 0.000000 108.000000 331.359692 -24.884359 89.255812
7 0.000000 333.987030 108.000000 4.485848 316.022390 94.801142
8 333.987030 333.987030 108.000000 338.393212 309.009867 92.793003

(All distances are in millimeters.)
----------------------------------------------------------------------
