----------------------------------------------------------------------
Transformation Parameters

Patient number: 005
From: ct
To: mr_T2

Point      x          y          z        new_x       new_y       new_z

1 0.000000 0.000000 0.000000 -6.649631 -19.720889 -40.629328
2 333.987030 0.000000 0.000000 327.301348 -20.648721 -35.810761
3 0.000000 333.987030 0.000000 -5.893294 314.054935 -28.777615
4 333.987030 333.987030 0.000000 328.057686 313.127103 -23.959048
5 0.000000 0.000000 128.000000 -8.507790 -24.258367 87.276726
6 333.987030 0.000000 128.000000 325.443190 -25.186199 92.095293
7 0.000000 333.987030 128.000000 -7.751452 309.517457 99.128439
8 333.987030 333.987030 128.000000 326.199527 308.589625 103.947006

(All distances are in millimeters.)
----------------------------------------------------------------------
