----------------------------------------------------------------------
Transformation Parameters

Patient number: 001
From: pet
To: mr_T2_rectified

Point      x          y          z        new_x       new_y       new_z

1 0.000000 0.000000 0.000000 2.569297 -8.003518 5.543215
2 329.021826 0.000000 0.000000 331.450706 -17.286640 3.052367
3 0.000000 329.021826 0.000000 11.913168 320.778543 13.934336
4 329.021826 329.021826 0.000000 340.794577 311.495420 11.443488
5 0.000000 0.000000 112.000000 3.335981 -10.882740 117.503576
6 329.021826 0.000000 112.000000 332.217390 -20.165863 115.012728
7 0.000000 329.021826 112.000000 12.679851 317.899320 125.894697
8 329.021826 329.021826 112.000000 341.561260 308.616197 123.403849

(All distances are in millimeters.)
----------------------------------------------------------------------
