----------------------------------------------------------------------
Transformation Parameters

Patient number: 007
From: ct
To: mr_PD

Point      x          y          z        new_x       new_y       new_z

1 0.000000 0.000000 0.000000 -7.538779 -14.759561 -7.408064
2 333.987030 0.000000 0.000000 326.414571 -18.925121 -5.139897
3 0.000000 333.987030 0.000000 -3.299942 319.015505 -18.524439
4 333.987030 333.987030 0.000000 330.653408 314.849945 -16.256272
5 0.000000 0.000000 108.000000 -8.226928 -11.155959 100.529606
6 333.987030 0.000000 108.000000 325.726422 -15.321519 102.797773
7 0.000000 333.987030 108.000000 -3.988091 322.619107 89.413231
8 333.987030 333.987030 108.000000 329.965259 318.453547 91.681398

(All distances are in millimeters.)
----------------------------------------------------------------------
