----------------------------------------------------------------------
Transformation Parameters

Patient number: 005
From: ct
To: mr_T2_rectified

Point      x          y          z        new_x       new_y       new_z

1 0.000000 0.000000 0.000000 -6.936458 -23.635797 -37.425089
2 333.987030 0.000000 0.000000 327.002287 -25.298656 -31.994977
3 0.000000 333.987030 0.000000 -5.375012 310.289425 -31.192585
4 333.987030 333.987030 0.000000 328.563733 308.626566 -25.762473
5 0.000000 0.000000 128.000000 -9.029047 -26.014320 90.535701
6 333.987030 0.000000 128.000000 324.909698 -27.677179 95.965813
7 0.000000 333.987030 128.000000 -7.467601 307.910902 96.768205
8 333.987030 333.987030 128.000000 326.471144 306.248044 102.198317

(All distances are in millimeters.)
----------------------------------------------------------------------
