----------------------------------------------------------------------
Transformation Parameters

Patient number: 006
From: ct
To: mr_PD_rectified

Point      x          y          z        new_x       new_y       new_z

1 0.000000 0.000000 0.000000 -11.329943 -23.613649 6.001781
2 333.987030 0.000000 0.000000 322.255013 -32.859052 -7.523586
3 0.000000 333.987030 0.000000 -3.297242 308.993849 -23.239704
4 333.987030 333.987030 0.000000 330.287715 299.748446 -36.765071
5 0.000000 0.000000 116.000000 -6.370591 -13.582738 121.460803
6 333.987030 0.000000 116.000000 327.214366 -22.828141 107.935436
7 0.000000 333.987030 116.000000 1.662111 319.024760 92.219318
8 333.987030 333.987030 116.000000 335.247067 309.779357 78.693951

(All distances are in millimeters.)
----------------------------------------------------------------------
