----------------------------------------------------------------------
Transformation Parameters

Patient number: 003
From: ct
To: mr_T2

Point      x          y          z        new_x       new_y       new_z

1 0.000000 0.000000 0.000000 -5.238592 -16.484462 -34.940832
2 333.987030 0.000000 0.000000 328.311912 -19.149036 -51.801939
3 0.000000 333.987030 0.000000 -1.899764 317.220392 -21.626961
4 333.987030 333.987030 0.000000 331.650741 314.555818 -38.488069
5 0.000000 0.000000 132.000000 1.377727 -21.806176 96.785793
6 333.987030 0.000000 132.000000 334.928232 -24.470750 79.924685
7 0.000000 333.987030 132.000000 4.716556 311.898678 110.099663
8 333.987030 333.987030 132.000000 338.267060 309.234104 93.238556

(All distances are in millimeters.)
----------------------------------------------------------------------
