----------------------------------------------------------------------
Transformation Parameters

Patient number: 001
From: ct
To: mr_T1_rectified

Point      x          y          z        new_x       new_y       new_z

1 0.000000 0.000000 0.000000 -9.145661 -7.366100 29.819157
2 333.987030 0.000000 0.000000 323.227048 -31.155603 7.240892
3 0.000000 333.987030 0.000000 12.709720 324.713018 1.656451
4 333.987030 333.987030 0.000000 345.082429 300.923515 -20.921813
5 0.000000 0.000000 108.000000 -1.237657 1.218975 137.186563
6 333.987030 0.000000 108.000000 331.135052 -22.570528 114.608299
7 0.000000 333.987030 108.000000 20.617724 333.298093 109.023858
8 333.987030 333.987030 108.000000 352.990433 309.508590 86.445593

(All distances are in millimeters.)
----------------------------------------------------------------------
