----------------------------------------------------------------------
Transformation Parameters

Patient number: 004
From: ct
To: mr_T1_rectified

Point      x          y          z        new_x       new_y       new_z

1 0.000000 0.000000 0.000000 1.574673 -30.543990 -34.862123
2 333.987030 0.000000 0.000000 335.557405 -28.947980 -35.431571
3 0.000000 333.987030 0.000000 -0.021444 303.439220 -34.923911
4 333.987030 333.987030 0.000000 333.961287 305.035231 -35.493358
5 0.000000 0.000000 104.000000 1.751899 -30.523903 69.137724
6 333.987030 0.000000 104.000000 335.734631 -28.927892 68.568277
7 0.000000 333.987030 104.000000 0.155781 303.459308 69.075937
8 333.987030 333.987030 104.000000 334.138513 305.055318 68.506489

(All distances are in millimeters.)
----------------------------------------------------------------------
