----------------------------------------------------------------------
Transformation Parameters

Patient number: 002
From: pet
To: mr_PD

Point      x          y          z        new_x       new_y       new_z

1 0.000000 0.000000 0.000000 4.418356 4.965810 -20.821232
2 329.021826 0.000000 0.000000 333.170490 2.467998 -7.738528
3 0.000000 329.021826 0.000000 6.653588 333.913123 -14.185641
4 329.021826 329.021826 0.000000 335.405722 331.415311 -1.102937
5 0.000000 0.000000 112.000000 -0.051174 2.739141 91.067397
6 329.021826 0.000000 112.000000 328.700960 0.241329 104.150101
7 0.000000 329.021826 112.000000 2.184057 331.686454 97.702988
8 329.021826 329.021826 112.000000 330.936191 329.188642 110.785692

(All distances are in millimeters.)
----------------------------------------------------------------------
