----------------------------------------------------------------------
Transformation Parameters

Patient number: 004
From: ct
To: mr_PD

Point      x          y          z        new_x       new_y       new_z

1 0.000000 0.000000 0.000000 0.321662 -27.926916 -37.766632
2 333.987030 0.000000 0.000000 334.307878 -27.198680 -37.649423
3 0.000000 333.987030 0.000000 -0.408639 306.000865 -31.518433
4 333.987030 333.987030 0.000000 333.577577 306.729101 -31.401224
5 0.000000 0.000000 104.000000 0.289413 -29.872613 66.215160
6 333.987030 0.000000 104.000000 334.275629 -29.144377 66.332369
7 0.000000 333.987030 104.000000 -0.440888 304.055168 72.463359
8 333.987030 333.987030 104.000000 333.545328 304.783404 72.580568

(All distances are in millimeters.)
----------------------------------------------------------------------
