----------------------------------------------------------------------
Transformation Parameters

Patient number: 001
From: ct
To: mr_T2_rectified

Point      x          y          z        new_x       new_y       new_z

1 0.000000 0.000000 0.000000 0.023579 -20.165124 2.087821
2 333.987030 0.000000 0.000000 333.878056 -24.038070 -6.486847
3 0.000000 333.987030 0.000000 3.991016 313.778517 5.726538
4 333.987030 333.987030 0.000000 337.845493 309.905571 -2.848130
5 0.000000 0.000000 108.000000 2.782329 -21.374231 110.045810
6 333.987030 0.000000 108.000000 336.636806 -25.247177 101.471142
7 0.000000 333.987030 108.000000 6.749766 312.569410 113.684527
8 333.987030 333.987030 108.000000 340.604243 308.696464 105.109859

(All distances are in millimeters.)
----------------------------------------------------------------------
