----------------------------------------------------------------------
Transformation Parameters

Patient number: 005
From: pet
To: mr_T1

Point      x          y          z        new_x       new_y       new_z

1 0.000000 0.000000 0.000000 53.464745 23.228789 -3.913692
2 246.766339 0.000000 0.000000 300.155462 29.213994 -2.691501
3 0.000000 246.766339 0.000000 47.470084 269.914739 -1.981779
4 246.766339 246.766339 0.000000 294.160800 275.899944 -0.759587
5 0.000000 0.000000 112.000000 52.931477 22.338743 108.081501
6 246.766339 0.000000 112.000000 299.622193 28.323948 109.303693
7 0.000000 246.766339 112.000000 46.936815 269.024693 110.013415
8 246.766339 246.766339 112.000000 293.627532 275.009898 111.235606

(All distances are in millimeters.)
----------------------------------------------------------------------
