----------------------------------------------------------------------
Transformation Parameters

Patient number: 008
From: pet
To: mr_PD

Point      x          y          z        new_x       new_y       new_z

1 0.000000 0.000000 0.000000 0.198368 16.713510 -24.990757
2 329.021826 0.000000 0.000000 329.177614 11.461571 -24.331728
3 0.000000 329.021826 0.000000 5.451301 345.693029 -25.485277
4 329.021826 329.021826 0.000000 334.430548 340.441090 -24.826247
5 0.000000 0.000000 112.000000 -0.023252 16.885405 87.008891
6 329.021826 0.000000 112.000000 328.955995 11.633467 87.667921
7 0.000000 329.021826 112.000000 5.229681 345.864924 86.514372
8 329.021826 329.021826 112.000000 334.208928 340.612986 87.173401

(All distances are in millimeters.)
----------------------------------------------------------------------
