----------------------------------------------------------------------
Transformation Parameters

Patient number: 006
From: ct
To: mr_T2_rectified

Point      x          y          z        new_x       new_y       new_z

1 0.000000 0.000000 0.000000 -7.594627 -29.176677 -25.184341
2 333.987030 0.000000 0.000000 326.361858 -30.493067 -29.505105
3 0.000000 333.987030 0.000000 -6.174927 304.711367 -17.178437
4 333.987030 333.987030 0.000000 327.781559 303.394978 -21.499201
5 0.000000 0.000000 116.000000 -6.105349 -31.963404 90.772617
6 333.987030 0.000000 116.000000 327.851137 -33.279793 86.451853
7 0.000000 333.987030 116.000000 -4.685648 301.924641 98.778521
8 333.987030 333.987030 116.000000 329.270837 300.608251 94.457757

(All distances are in millimeters.)
----------------------------------------------------------------------
