----------------------------------------------------------------------
Transformation Parameters

Patient number: 005
From: pet
To: mr_T1_rectified

Point      x          y          z        new_x       new_y       new_z

1 0.000000 0.000000 0.000000 52.210400 24.374385 -2.149719
2 246.766339 0.000000 0.000000 298.962785 26.736668 -1.006962
3 0.000000 246.766339 0.000000 49.842495 271.126373 -0.934894
4 246.766339 246.766339 0.000000 296.594881 273.488655 0.207863
5 0.000000 0.000000 112.000000 51.697044 23.818066 109.847723
6 246.766339 0.000000 112.000000 298.449430 26.180348 110.990480
7 0.000000 246.766339 112.000000 49.329140 270.570053 111.062548
8 246.766339 246.766339 112.000000 296.081525 272.932336 112.205305

(All distances are in millimeters.)
----------------------------------------------------------------------
