----------------------------------------------------------------------
Transformation Parameters

Patient number: 002
From: ct
To: mr_T1

Point      x          y          z        new_x       new_y       new_z

1 0.000000 0.000000 0.000000 -1.208845 -24.573642 -2.018529
2 333.987030 0.000000 0.000000 332.766014 -27.423001 -2.121396
3 0.000000 333.987030 0.000000 1.639998 309.397544 -3.589264
4 333.987030 333.987030 0.000000 335.614858 306.548185 -3.692131
5 0.000000 0.000000 112.000000 -1.169858 -24.047221 109.980227
6 333.987030 0.000000 112.000000 332.805002 -26.896580 109.877360
7 0.000000 333.987030 112.000000 1.678986 309.923965 108.409492
8 333.987030 333.987030 112.000000 335.653845 307.074606 108.306625

(All distances are in millimeters.)
----------------------------------------------------------------------
