----------------------------------------------------------------------
Transformation Parameters

Patient number: 007
From: ct
To: mr_PD

Point      x          y          z        new_x       new_y       new_z

1 0.000000 0.000000 0.000000 -6.530730 -21.453399 -8.727650
2 333.987030 0.000000 0.000000 327.451356 -21.895879 -10.490086
3 0.000000 333.987030 0.000000 -6.083857 312.532297 -7.896023
4 333.987030 333.987030 0.000000 327.898229 312.089817 -9.658459
5 0.000000 0.000000 108.000000 -5.961177 -21.723077 99.270511
6 333.987030 0.000000 108.000000 328.020909 -22.165557 97.508075
7 0.000000 333.987030 108.000000 -5.514304 312.262619 100.102138
8 333.987030 333.987030 108.000000 328.467782 311.820139 98.339702

(All distances are in millimeters.)
----------------------------------------------------------------------
