----------------------------------------------------------------------
Transformation Parameters

Patient number: 002
From: ct
To: mr_T2_rectified

Point      x          y          z        new_x       new_y       new_z

1 0.000000 0.000000 0.000000 2.587483 -28.748564 -20.691330
2 333.987030 0.000000 0.000000 336.570353 -30.102110 -19.718340
3 0.000000 333.987030 0.000000 3.918747 305.150862 -13.158891
4 333.987030 333.987030 0.000000 337.901617 303.797315 -12.185901
5 0.000000 0.000000 112.000000 2.251047 -31.273177 91.279707
6 333.987030 0.000000 112.000000 336.233917 -32.626724 92.252697
7 0.000000 333.987030 112.000000 3.582311 302.626248 98.812146
8 333.987030 333.987030 112.000000 337.565181 301.272702 99.785136

(All distances are in millimeters.)
----------------------------------------------------------------------
