----------------------------------------------------------------------
Transformation Parameters

Patient number: 007
From: ct
To: mr_T2

Point      x          y          z        new_x       new_y       new_z

1 0.000000 0.000000 0.000000 -7.453323 -22.065578 -2.086666
2 333.987030 0.000000 0.000000 326.514787 -23.790197 -5.195271
3 0.000000 333.987030 0.000000 -5.812031 311.798956 -10.981359
4 333.987030 333.987030 0.000000 328.156079 310.074337 -14.089964
5 0.000000 0.000000 108.000000 -6.433622 -19.194441 105.870348
6 333.987030 0.000000 108.000000 327.534487 -20.919060 102.761743
7 0.000000 333.987030 108.000000 -4.792331 314.670093 96.975655
8 333.987030 333.987030 108.000000 329.175779 312.945474 93.867050

(All distances are in millimeters.)
----------------------------------------------------------------------
