----------------------------------------------------------------------
Transformation Parameters

Patient number: 007
From: pet
To: mr_T2

Point      x          y          z        new_x       new_y       new_z

1 0.000000 0.000000 0.000000 5.979355 -3.175630 -1.308082
2 329.021826 0.000000 0.000000 334.999775 -2.213902 -1.309398
3 0.000000 329.021826 0.000000 5.017625 325.844703 -1.547610
4 329.021826 329.021826 0.000000 334.038046 326.806431 -1.548926
5 0.000000 0.000000 112.000000 5.979564 -3.094093 110.691888
6 329.021826 0.000000 112.000000 334.999984 -2.132365 110.690572
7 0.000000 329.021826 112.000000 5.017835 325.926240 110.452360
8 329.021826 329.021826 112.000000 334.038255 326.887968 110.451044

(All distances are in millimeters.)
----------------------------------------------------------------------
