----------------------------------------------------------------------
Transformation Parameters

Patient number: 002
From: pet
To: mr_T1_rectified

Point      x          y          z        new_x       new_y       new_z

1 0.000000 0.000000 0.000000 8.572256 11.207484 -26.987205
2 329.021826 0.000000 0.000000 337.083072 10.111511 -8.689541
3 0.000000 329.021826 0.000000 8.833227 339.887039 -11.985722
4 329.021826 329.021826 0.000000 337.344043 338.791065 6.311942
5 0.000000 0.000000 112.000000 2.333146 6.113807 84.722812
6 329.021826 0.000000 112.000000 330.843962 5.017833 103.020476
7 0.000000 329.021826 112.000000 2.594118 334.793361 99.724295
8 329.021826 329.021826 112.000000 331.104934 333.697387 118.021959

(All distances are in millimeters.)
----------------------------------------------------------------------
