----------------------------------------------------------------------
Transformation Parameters

Patient number: 007
From: ct
To: mr_PD_rectified

Point      x          y          z        new_x       new_y       new_z

1 0.000000 0.000000 0.000000 -3.965504 -21.803442 -6.506815
2 333.987030 0.000000 0.000000 330.015785 -21.617403 -8.456223
3 0.000000 333.987030 0.000000 -4.135832 312.172701 -3.815577
4 333.987030 333.987030 0.000000 329.845458 312.358740 -5.764985
5 0.000000 0.000000 108.000000 -3.334667 -22.673360 101.487839
6 333.987030 0.000000 108.000000 330.646622 -22.487321 99.538431
7 0.000000 333.987030 108.000000 -3.504995 311.302783 104.179077
8 333.987030 333.987030 108.000000 330.476294 311.488822 102.229669

(All distances are in millimeters.)
----------------------------------------------------------------------
