----------------------------------------------------------------------
Transformation Parameters

Patient number: 005
From: pet
To: mr_PD_rectified

Point      x          y          z        new_x       new_y       new_z

1 0.000000 0.000000 0.000000 51.043478 23.988048 -1.595559
2 246.766339 0.000000 0.000000 297.803776 25.407972 -0.612939
3 0.000000 246.766339 0.000000 49.622360 270.750116 -1.298206
4 246.766339 246.766339 0.000000 296.382657 272.170040 -0.315586
5 0.000000 0.000000 112.000000 50.598280 23.850523 110.403472
6 246.766339 0.000000 112.000000 297.358577 25.270447 111.386092
7 0.000000 246.766339 112.000000 49.177162 270.612591 110.700825
8 246.766339 246.766339 112.000000 295.937459 272.032515 111.683445

(All distances are in millimeters.)
----------------------------------------------------------------------
