----------------------------------------------------------------------
Transformation Parameters

Patient number: 001
From: pet
To: mr_T1_rectified

Point      x          y          z        new_x       new_y       new_z

1 0.000000 0.000000 0.000000 7.809530 -13.795482 9.695676
2 329.021826 0.000000 0.000000 336.561930 -10.499097 -3.202197
3 0.000000 329.021826 0.000000 4.343640 315.180464 5.432330
4 329.021826 329.021826 0.000000 333.096040 318.476850 -7.465542
5 0.000000 0.000000 112.000000 12.184852 -12.299166 121.600178
6 329.021826 0.000000 112.000000 340.937252 -9.002781 108.702306
7 0.000000 329.021826 112.000000 8.718962 316.676780 117.336833
8 329.021826 329.021826 112.000000 337.471362 319.973166 104.438960

(All distances are in millimeters.)
----------------------------------------------------------------------
