----------------------------------------------------------------------
Transformation Parameters

Patient number: 006
From: pet
To: mr_T1

Point      x          y          z        new_x       new_y       new_z

1 0.000000 0.000000 0.000000 5.246817 4.926324 -13.039724
2 329.021826 0.000000 0.000000 334.096265 2.989755 -2.568263
3 0.000000 329.021826 0.000000 6.970855 333.875554 -6.346894
4 329.021826 329.021826 0.000000 335.820304 331.938985 4.124566
5 0.000000 0.000000 112.000000 1.669678 2.667937 98.880354
6 329.021826 0.000000 112.000000 330.519127 0.731368 109.351814
7 0.000000 329.021826 112.000000 3.393716 331.617166 105.573183
8 329.021826 329.021826 112.000000 332.243165 329.680597 116.044644

(All distances are in millimeters.)
----------------------------------------------------------------------
