----------------------------------------------------------------------
Transformation Parameters

Patient number: 005
From: ct
To: mr_T2_rectified

Point      x          y          z        new_x       new_y       new_z

1 0.000000 0.000000 0.000000 -5.298690 -32.891963 -21.883270
2 333.987030 0.000000 0.000000 328.680876 -31.601911 -23.705615
3 0.000000 333.987030 0.000000 -6.543752 300.992602 -13.705079
4 333.987030 333.987030 0.000000 327.435815 302.282655 -15.527425
5 0.000000 0.000000 128.000000 -4.588387 -36.023569 106.076445
6 333.987030 0.000000 128.000000 329.391180 -34.733516 104.254099
7 0.000000 333.987030 128.000000 -5.833448 297.860997 114.254635
8 333.987030 333.987030 128.000000 328.146118 299.151049 112.432290

(All distances are in millimeters.)
----------------------------------------------------------------------
