----------------------------------------------------------------------
Transformation Parameters

Patient number: 004
From: ct
To: mr_PD_rectified

Point      x          y          z        new_x       new_y       new_z

1 0.000000 0.000000 0.000000 1.094806 -29.735563 -40.560403
2 333.987030 0.000000 0.000000 335.077858 -29.379187 -38.969803
3 0.000000 333.987030 0.000000 0.686889 304.074585 -29.699724
4 333.987030 333.987030 0.000000 334.669942 304.430962 -28.109123
5 0.000000 0.000000 104.000000 0.603380 -33.118028 63.383415
6 333.987030 0.000000 104.000000 334.586433 -32.761651 64.974016
7 0.000000 333.987030 104.000000 0.195464 300.692121 74.244095
8 333.987030 333.987030 104.000000 334.178516 301.048498 75.834695

(All distances are in millimeters.)
----------------------------------------------------------------------
