----------------------------------------------------------------------
Transformation Parameters

Patient number: 009
From: pet
To: mr_PD

Point      x          y          z        new_x       new_y       new_z

1 0.000000 0.000000 0.000000 5.718536 -1.842662 -34.015641
2 329.021826 0.000000 0.000000 334.591331 -3.958522 -24.342482
3 0.000000 329.021826 0.000000 7.361025 326.783846 -17.975607
4 329.021826 329.021826 0.000000 336.233820 324.667986 -8.302447
5 0.000000 0.000000 112.000000 2.394608 -7.283826 77.802717
6 329.021826 0.000000 112.000000 331.267403 -9.399686 87.475877
7 0.000000 329.021826 112.000000 4.037097 321.342682 93.842752
8 329.021826 329.021826 112.000000 332.909892 319.226821 103.515911

(All distances are in millimeters.)
----------------------------------------------------------------------
