----------------------------------------------------------------------
Transformation Parameters

Patient number: 005
From: pet
To: mr_T2

Point      x          y          z        new_x       new_y       new_z

1 0.000000 0.000000 0.000000 51.905736 24.890373 -1.469278
2 246.766339 0.000000 0.000000 298.642240 28.727392 -1.503578
3 0.000000 246.766339 0.000000 48.068677 271.626690 -1.774281
4 246.766339 246.766339 0.000000 294.805181 275.463709 -1.808581
5 0.000000 0.000000 112.000000 51.919150 25.029030 110.530635
6 246.766339 0.000000 112.000000 298.655654 28.866050 110.496335
7 0.000000 246.766339 112.000000 48.082091 271.765347 110.225632
8 246.766339 246.766339 112.000000 294.818595 275.602366 110.191332

(All distances are in millimeters.)
----------------------------------------------------------------------
