----------------------------------------------------------------------
Transformation Parameters

Patient number: 005
From: ct
To: mr_T2

Point      x          y          z        new_x       new_y       new_z

1 0.000000 0.000000 0.000000 -6.765408 -30.568066 -21.743351
2 333.987030 0.000000 0.000000 327.218951 -31.842284 -22.143465
3 0.000000 333.987030 0.000000 -5.489921 303.414834 -20.679604
4 333.987030 333.987030 0.000000 328.494438 302.140616 -21.079718
5 0.000000 0.000000 128.000000 -6.613622 -30.976328 106.255908
6 333.987030 0.000000 128.000000 327.370737 -32.250546 105.855794
7 0.000000 333.987030 128.000000 -5.338135 303.006572 107.319655
8 333.987030 333.987030 128.000000 328.646224 301.732354 106.919541

(All distances are in millimeters.)
----------------------------------------------------------------------
