----------------------------------------------------------------------
Transformation Parameters

Patient number: 006
From: pet
To: mr_T2_rectified

Point      x          y          z        new_x       new_y       new_z

1 0.000000 0.000000 0.000000 5.928198 7.230549 -13.300535
2 329.021826 0.000000 0.000000 334.185756 -0.257802 7.824384
3 0.000000 329.021826 0.000000 13.522265 336.161728 -14.704467
4 329.021826 329.021826 0.000000 341.779823 328.673378 6.420452
5 0.000000 0.000000 112.000000 -1.249929 7.873314 98.467356
6 329.021826 0.000000 112.000000 327.007629 0.384964 119.592275
7 0.000000 329.021826 112.000000 6.344138 336.804494 97.063424
8 329.021826 329.021826 112.000000 334.601696 329.316143 118.188343

(All distances are in millimeters.)
----------------------------------------------------------------------
