----------------------------------------------------------------------
Transformation Parameters

Patient number: 005
From: ct
To: mr_T1_rectified

Point      x          y          z        new_x       new_y       new_z

1 0.000000 0.000000 0.000000 -4.852389 -33.598328 -17.094521
2 333.987030 0.000000 0.000000 329.121869 -31.828480 -19.418041
3 0.000000 333.987030 0.000000 -6.615825 300.382760 -16.167708
4 333.987030 333.987030 0.000000 327.358433 302.152609 -18.491228
5 0.000000 0.000000 128.000000 -3.960037 -33.948813 110.901888
6 333.987030 0.000000 128.000000 330.014221 -32.178964 108.578368
7 0.000000 333.987030 128.000000 -5.723473 300.032276 111.828701
8 333.987030 333.987030 128.000000 328.250785 301.802124 109.505181

(All distances are in millimeters.)
----------------------------------------------------------------------
