----------------------------------------------------------------------
Transformation Parameters

Patient number: 005
From: pet
To: mr_PD

Point      x          y          z        new_x       new_y       new_z

1 0.000000 0.000000 0.000000 51.630056 24.790986 -2.681372
2 246.766339 0.000000 0.000000 298.362442 27.510138 0.378425
3 0.000000 246.766339 0.000000 48.923601 271.540296 -3.720256
4 246.766339 246.766339 0.000000 295.655987 274.259448 -0.660459
5 0.000000 0.000000 112.000000 50.236204 25.247209 109.309025
6 246.766339 0.000000 112.000000 296.968590 27.966361 112.368822
7 0.000000 246.766339 112.000000 47.529749 271.996519 108.270141
8 246.766339 246.766339 112.000000 294.262135 274.715671 111.329938

(All distances are in millimeters.)
----------------------------------------------------------------------
