----------------------------------------------------------------------
Transformation Parameters

Patient number: 005
From: pet
To: mr_T1

Point      x          y          z        new_x       new_y       new_z

1 0.000000 0.000000 0.000000 51.700957 24.813983 -0.452378
2 246.766339 0.000000 0.000000 298.458094 26.846796 -1.091744
3 0.000000 246.766339 0.000000 49.665666 271.570063 -1.411803
4 246.766339 246.766339 0.000000 296.422804 273.602876 -2.051169
5 0.000000 0.000000 112.000000 51.987547 25.251815 111.546399
6 246.766339 0.000000 112.000000 298.744685 27.284628 110.907033
7 0.000000 246.766339 112.000000 49.952257 272.007895 110.586974
8 246.766339 246.766339 112.000000 296.709394 274.040708 109.947608

(All distances are in millimeters.)
----------------------------------------------------------------------
