----------------------------------------------------------------------
Transformation Parameters

Patient number: 007
From: ct
To: mr_PD

Point      x          y          z        new_x       new_y       new_z

1 0.000000 0.000000 0.000000 -6.553053 -22.003212 -3.372883
2 333.987030 0.000000 0.000000 327.424154 -22.437451 -5.897268
3 0.000000 333.987030 0.000000 -6.170719 311.913211 -10.229489
4 333.987030 333.987030 0.000000 327.806489 311.478971 -12.753874
5 0.000000 0.000000 108.000000 -5.734043 -19.787019 104.601270
6 333.987030 0.000000 108.000000 328.243165 -20.221259 102.076885
7 0.000000 333.987030 108.000000 -5.351708 314.129403 97.744664
8 333.987030 333.987030 108.000000 328.625499 313.695164 95.220279

(All distances are in millimeters.)
----------------------------------------------------------------------
