----------------------------------------------------------------------
Transformation Parameters

Patient number: 007
From: pet
To: mr_T1_rectified

Point      x          y          z        new_x       new_y       new_z

1 0.000000 0.000000 0.000000 10.405158 -3.466833 -1.877979
2 329.021826 0.000000 0.000000 339.400088 0.739961 -1.895746
3 0.000000 329.021826 0.000000 6.198408 325.527412 -1.206117
4 329.021826 329.021826 0.000000 335.193339 329.734207 -1.223884
5 0.000000 0.000000 112.000000 10.414129 -3.695441 110.121788
6 329.021826 0.000000 112.000000 339.409060 0.511353 110.104021
7 0.000000 329.021826 112.000000 6.207380 325.298804 110.793650
8 329.021826 329.021826 112.000000 335.202310 329.505599 110.775883

(All distances are in millimeters.)
----------------------------------------------------------------------
