----------------------------------------------------------------------
Transformation Parameters

Patient number: 003
From: ct
To: mr_T2_rectified

Point      x          y          z        new_x       new_y       new_z

1 0.000000 0.000000 0.000000 -1.065111 -31.632326 -30.219472
2 333.987030 0.000000 0.000000 332.911301 -32.928530 -32.545956
3 0.000000 333.987030 0.000000 0.172928 302.249334 -38.516526
4 333.987030 333.987030 0.000000 334.149340 300.953130 -40.843011
5 0.000000 0.000000 132.000000 -0.133190 -28.356636 101.736587
6 333.987030 0.000000 132.000000 333.843222 -29.652840 99.410102
7 0.000000 333.987030 132.000000 1.104849 305.525024 93.439532
8 333.987030 333.987030 132.000000 335.081261 304.228820 91.113048

(All distances are in millimeters.)
----------------------------------------------------------------------
