----------------------------------------------------------------------
Transformation Parameters

Patient number: 005
From: ct
To: mr_T1

Point      x          y          z        new_x       new_y       new_z

1 0.000000 0.000000 0.000000 -4.918067 -34.485826 -12.322685
2 333.987030 0.000000 0.000000 329.056527 -32.617557 -14.517348
3 0.000000 333.987030 0.000000 -6.860388 299.299919 -23.752495
4 333.987030 333.987030 0.000000 327.114206 301.168187 -25.947157
5 0.000000 0.000000 128.000000 -4.101976 -30.100641 115.599573
6 333.987030 0.000000 128.000000 329.872618 -28.232372 113.404911
7 0.000000 333.987030 128.000000 -6.044297 303.685103 104.169764
8 333.987030 333.987030 128.000000 327.930297 305.553372 101.975101

(All distances are in millimeters.)
----------------------------------------------------------------------
