----------------------------------------------------------------------
Transformation Parameters

Patient number: 007
From: pet
To: mr_T1

Point      x          y          z        new_x       new_y       new_z

1 0.000000 0.000000 0.000000 14.695523 -12.690621 3.293631
2 329.021826 0.000000 0.000000 342.890076 5.514378 17.863294
3 0.000000 329.021826 0.000000 -2.622153 315.283302 -16.418429
4 329.021826 329.021826 0.000000 325.572401 333.488301 -1.848766
5 0.000000 0.000000 112.000000 9.380491 -6.258490 114.982386
6 329.021826 0.000000 112.000000 337.575045 11.946509 129.552049
7 0.000000 329.021826 112.000000 -7.937184 321.715434 95.270326
8 329.021826 329.021826 112.000000 320.257369 339.920433 109.839989

(All distances are in millimeters.)
----------------------------------------------------------------------
