----------------------------------------------------------------------
Transformation Parameters

Patient number: 005
From: pet
To: mr_T2_rectified

Point      x          y          z        new_x       new_y       new_z

1 0.000000 0.000000 0.000000 52.125808 21.614811 6.094548
2 246.766339 0.000000 0.000000 298.855982 24.627103 9.056588
3 0.000000 246.766339 0.000000 49.294806 267.928027 -8.582344
4 246.766339 246.766339 0.000000 296.024980 270.940319 -5.620303
5 0.000000 0.000000 112.000000 50.702578 28.259822 117.888189
6 246.766339 0.000000 112.000000 297.432751 31.272114 120.850230
7 0.000000 246.766339 112.000000 47.871575 274.573038 103.211298
8 246.766339 246.766339 112.000000 294.601749 277.585330 106.173338

(All distances are in millimeters.)
----------------------------------------------------------------------
