----------------------------------------------------------------------
Transformation Parameters

Patient number: 007
From: ct
To: mr_PD_rectified

Point      x          y          z        new_x       new_y       new_z

1 0.000000 0.000000 0.000000 -4.025793 -21.767958 -6.216900
2 333.987030 0.000000 0.000000 329.956876 -21.793662 -7.923532
3 0.000000 333.987030 0.000000 -3.989389 312.212505 -4.122815
4 333.987030 333.987030 0.000000 329.993279 312.186801 -5.829447
5 0.000000 0.000000 108.000000 -3.473989 -22.445165 101.779567
6 333.987030 0.000000 108.000000 330.508679 -22.470869 100.072935
7 0.000000 333.987030 108.000000 -3.437585 311.535298 103.873652
8 333.987030 333.987030 108.000000 330.545083 311.509594 102.167020

(All distances are in millimeters.)
----------------------------------------------------------------------
