----------------------------------------------------------------------
Transformation Parameters

Patient number: 006
From: pet
To: mr_T2

Point      x          y          z        new_x       new_y       new_z

1 0.000000 0.000000 0.000000 2.078291 5.859266 -9.708054
2 329.021826 0.000000 0.000000 331.066686 1.172483 -9.886238
3 0.000000 329.021826 0.000000 6.768447 334.578484 3.597578
4 329.021826 329.021826 0.000000 335.756842 329.891701 3.419394
5 0.000000 0.000000 112.000000 2.074372 1.329585 102.200310
6 329.021826 0.000000 112.000000 331.062767 -3.357198 102.022126
7 0.000000 329.021826 112.000000 6.764527 330.048803 115.505942
8 329.021826 329.021826 112.000000 335.752923 325.362020 115.327758

(All distances are in millimeters.)
----------------------------------------------------------------------
