----------------------------------------------------------------------
Transformation Parameters

Patient number: 005
From: pet
To: mr_T2

Point      x          y          z        new_x       new_y       new_z

1 0.000000 0.000000 0.000000 51.883780 24.929796 -1.472531
2 246.766339 0.000000 0.000000 298.621397 28.694527 -1.508312
3 0.000000 246.766339 0.000000 48.119014 271.667284 -1.726700
4 246.766339 246.766339 0.000000 294.856631 275.432015 -1.762481
5 0.000000 0.000000 112.000000 51.898258 25.045390 110.527409
6 246.766339 0.000000 112.000000 298.635875 28.810121 110.491628
7 0.000000 246.766339 112.000000 48.133492 271.782878 110.273240
8 246.766339 246.766339 112.000000 294.871109 275.547609 110.237459

(All distances are in millimeters.)
----------------------------------------------------------------------
