----------------------------------------------------------------------
Transformation Parameters

Patient number: 005
From: pet
To: mr_T1_rectified

Point      x          y          z        new_x       new_y       new_z

1 0.000000 0.000000 0.000000 52.302792 24.307214 -2.219891
2 246.766339 0.000000 0.000000 299.052117 26.837704 -0.808165
3 0.000000 246.766339 0.000000 49.765369 271.057540 -1.009753
4 246.766339 246.766339 0.000000 296.514694 273.588029 0.401972
5 0.000000 0.000000 112.000000 51.667725 23.751418 109.776930
6 246.766339 0.000000 112.000000 298.417050 26.281907 111.188655
7 0.000000 246.766339 112.000000 49.130302 270.501743 110.987067
8 246.766339 246.766339 112.000000 295.879627 273.032233 112.398793

(All distances are in millimeters.)
----------------------------------------------------------------------
