----------------------------------------------------------------------
Transformation Parameters

Patient number: 001
From: ct
To: mr_T1

Point      x          y          z        new_x       new_y       new_z

1 0.000000 0.000000 0.000000 -0.683652 -21.881753 -0.905854
2 333.987030 0.000000 0.000000 333.244097 -22.946093 -7.107610
3 0.000000 333.987030 0.000000 0.362389 312.102157 -1.900800
4 333.987030 333.987030 0.000000 334.290138 311.037817 -8.102555
5 0.000000 0.000000 108.000000 1.322790 -21.566359 107.075045
6 333.987030 0.000000 108.000000 335.250539 -22.630699 100.873290
7 0.000000 333.987030 108.000000 2.368831 312.417551 106.080100
8 333.987030 333.987030 108.000000 336.296580 311.353211 99.878344

(All distances are in millimeters.)
----------------------------------------------------------------------
