----------------------------------------------------------------------
Transformation Parameters

Patient number: 007
From: ct
To: mr_T1

Point      x          y          z        new_x       new_y       new_z

1 0.000000 0.000000 0.000000 -6.906829 -21.621095 -5.050087
2 333.987030 0.000000 0.000000 327.072079 -22.577063 -7.174025
3 0.000000 333.987030 0.000000 -5.980440 312.332423 -9.689686
4 333.987030 333.987030 0.000000 327.998469 311.376455 -11.813624
5 0.000000 0.000000 108.000000 -6.215795 -20.122749 102.937308
6 333.987030 0.000000 108.000000 327.763114 -21.078717 100.813370
7 0.000000 333.987030 108.000000 -5.289405 313.830769 98.297709
8 333.987030 333.987030 108.000000 328.689503 312.874801 96.173771

(All distances are in millimeters.)
----------------------------------------------------------------------
