-------------------------------------------------------------
Transformation Parameters

Patient number: 003
From: ct
To: mr_T2_rectified

Point      x          y          z        new_x       new_y       new_z

  1     0.0000     0.0000     0.0000    27.8527   -82.8298    13.1642
  2   333.9870     0.0000     0.0000   358.5156   -74.1704   -33.0350
  3     0.0000   333.9870     0.0000    32.6608   237.4871   107.6170
  4   333.9870   333.9870     0.0000   363.3238   246.1465    61.4177
  5     0.0000     0.0000   132.0000    46.3323  -120.0512   138.4521
  6   333.9870     0.0000   132.0000   376.9952  -111.3918    92.2529
  7     0.0000   333.9870   132.0000    51.1405   200.2657   232.9049
  8   333.9870   333.9870   132.0000   381.8034   208.9251   186.7057

(All distances are in millimeters.)
-------------------------------------------------------------
