-------------------------------------------------------------
Transformation Parameters

Patient number: 001
From: ct
To: mr_PD

Point      x          y          z        new_x       new_y       new_z

  1     0.0000     0.0000     0.0000     4.0300   -21.7240     5.0438
  2   333.9870     0.0000     0.0000   338.0167   -21.8951     4.6134
  3     0.0000   333.9870     0.0000     4.2030   312.2596     6.5467
  4   333.9870   333.9870     0.0000   338.1897   312.0885     6.1163
  5     0.0000     0.0000   108.0000     4.1689   -22.2101   113.0427
  6   333.9870     0.0000   108.0000   338.1556   -22.3812   112.6122
  7     0.0000   333.9870   108.0000     4.3419   311.7735   114.5455
  8   333.9870   333.9870   108.0000   338.3287   311.6025   114.1151

(All distances are in millimeters.)
-------------------------------------------------------------
