-------------------------------------------------------------
Transformation Parameters

Patient number: 007
From: pet
To: mr_T1

Point      x          y          z        new_x       new_y       new_z

  1     0.0000     0.0000     0.0000     5.8296    -4.8136    18.4406
  2   329.0218     0.0000     0.0000   334.5993    -0.3032    30.5025
  3     0.0000   329.0218     0.0000     1.4257   324.1653    15.4604
  4   329.0218   329.0218     0.0000   330.1954   328.6756    27.5223
  5     0.0000     0.0000   112.0000     1.7103    -3.8548   130.3607
  6   329.0218     0.0000   112.0000   330.4800     0.6555   142.4226
  7     0.0000   329.0218   112.0000    -2.6936   325.1240   127.3805
  8   329.0218   329.0218   112.0000   326.0762   329.6344   139.4424

(All distances are in millimeters.)
-------------------------------------------------------------
