-------------------------------------------------------------
Transformation Parameters

Patient number: 002
From: ct
To: mr_PD_rectified

Point      x          y          z        new_x       new_y       new_z

  1     0.0000     0.0000     0.0000    26.7281   -60.6616    46.0625
  2   333.9870     0.0000     0.0000   359.7778   -35.6565    46.0035
  3     0.0000   333.9870     0.0000     1.7239   272.3817    48.1442
  4   333.9870   333.9870     0.0000   334.7736   297.3867    48.0853
  5     0.0000     0.0000   112.0000    26.8001   -61.3562   158.0603
  6   333.9870     0.0000   112.0000   359.8498   -36.3512   158.0013
  7     0.0000   333.9870   112.0000     1.7959   271.6870   160.1421
  8   333.9870   333.9870   112.0000   334.8456   296.6921   160.0831

(All distances are in millimeters.)
-------------------------------------------------------------
