-------------------------------------------------------------
Transformation Parameters

Patient number: 001
From: pet
To: mr_T2_rectified

Point      x          y          z        new_x       new_y       new_z

  1     0.0000     0.0000     0.0000     5.5850   -10.4842     1.9165
  2   329.0218     0.0000     0.0000   334.5894   -13.8345     2.4058
  3     0.0000   329.0218     0.0000     8.9173   318.3404    12.8074
  4   329.0218   329.0218     0.0000   337.9217   314.9901    13.2967
  5     0.0000     0.0000   112.0000     5.3808   -14.1896   113.8550
  6   329.0218     0.0000   112.0000   334.3852   -17.5400   114.3443
  7     0.0000   329.0218   112.0000     8.7131   314.6350   124.7459
  8   329.0218   329.0218   112.0000   337.7175   311.2847   125.2352

(All distances are in millimeters.)
-------------------------------------------------------------
