-------------------------------------------------------------
Transformation Parameters

Patient number: 003
From: ct
To: mr_T2

Point      x          y          z        new_x       new_y       new_z

  1     0.0000     0.0000     0.0000    48.7665   -87.2687    29.7349
  2   333.9870     0.0000     0.0000   379.3736   -67.8084   -13.4806
  3     0.0000   333.9870     0.0000    36.8900   241.5661    86.9537
  4   333.9870   333.9870     0.0000   367.4971   261.0264    43.7382
  5     0.0000     0.0000   132.0000    66.9005  -109.0468   158.6568
  6   333.9870     0.0000   132.0000   397.5076   -89.5865   115.4414
  7     0.0000   333.9870   132.0000    55.0240   219.7880   215.8757
  8   333.9870   333.9870   132.0000   385.6311   239.2483   172.6602

(All distances are in millimeters.)
-------------------------------------------------------------
