-------------------------------------------------------------
Transformation Parameters

Patient number: 005
From: ct
To: mr_PD

Point      x          y          z        new_x       new_y       new_z

  1     0.0000     0.0000     0.0000    -8.6362   -17.7579   -25.1162
  2   333.9870     0.0000     0.0000   323.6334   -32.2899     5.4304
  3     0.0000   333.9870     0.0000     4.3684   315.5374    -8.0144
  4   333.9870   333.9870     0.0000   336.6380   301.0054    22.5322
  5     0.0000     0.0000   128.0000   -20.6040   -23.8226   102.1787
  6   333.9870     0.0000   128.0000   311.6655   -38.3546   132.7253
  7     0.0000   333.9870   128.0000    -7.5994   309.4727   119.2805
  8   333.9870   333.9870   128.0000   324.6702   294.9407   149.8271

(All distances are in millimeters.)
-------------------------------------------------------------
