-------------------------------------------------------------
Transformation Parameters

Patient number: 007
From: pet
To: mr_PD_rectified

Point      x          y          z        new_x       new_y       new_z

  1     0.0000     0.0000     0.0000     9.2980    -4.9910     2.9932
  2   329.0218     0.0000     0.0000   338.1017     1.4230    13.1114
  3     0.0000   329.0218     0.0000     2.8871   323.9683     2.7979
  4   329.0218   329.0218     0.0000   331.6907   330.3823    12.9160
  5     0.0000     0.0000   112.0000     5.8531    -4.9916   114.9402
  6   329.0218     0.0000   112.0000   334.6568     1.4223   125.0584
  7     0.0000   329.0218   112.0000    -0.5578   323.9677   114.7449
  8   329.0218   329.0218   112.0000   328.2458   330.3816   124.8630

(All distances are in millimeters.)
-------------------------------------------------------------
