-------------------------------------------------------------
Transformation Parameters

Patient number: 007
From: ct
To: mr_T1

Point      x          y          z        new_x       new_y       new_z

  1     0.0000     0.0000     0.0000    -3.1031   -21.3663     1.9973
  2   333.9870     0.0000     0.0000   330.8683   -18.1447     1.8053
  3     0.0000   333.9870     0.0000    -6.3153   312.3742    14.4204
  4   333.9870   333.9870     0.0000   327.6561   315.5957    14.2284
  5     0.0000     0.0000   108.0000    -3.0023   -25.3827   109.9225
  6   333.9870     0.0000   108.0000   330.9691   -22.1611   109.7306
  7     0.0000   333.9870   108.0000    -6.2146   308.3577   122.3456
  8   333.9870   333.9870   108.0000   327.7569   311.5793   122.1537

(All distances are in millimeters.)
-------------------------------------------------------------
