-------------------------------------------------------------
Transformation Parameters

Patient number: 006
From: ct
To: mr_T1

Point      x          y          z        new_x       new_y       new_z

  1     0.0000     0.0000     0.0000    -0.7417   -33.2349    -6.6899
  2   333.9870     0.0000     0.0000   333.0359   -21.4248    -6.1030
  3     0.0000   333.9870     0.0000   -12.5530   300.5426    -6.0795
  4   333.9870   333.9870     0.0000   321.2247   312.3528    -5.4926
  5     0.0000     0.0000   116.0000    -0.9379   -33.4540   109.3097
  6   333.9870     0.0000   116.0000   332.8397   -21.6439   109.8966
  7     0.0000   333.9870   116.0000   -12.7492   300.3235   109.9201
  8   333.9870   333.9870   116.0000   321.0285   312.1337   110.5070

(All distances are in millimeters.)
-------------------------------------------------------------
