-------------------------------------------------------------
Transformation Parameters

Patient number: 005
From: ct
To: mr_PD_rectified

Point      x          y          z        new_x       new_y       new_z

  1     0.0000     0.0000     0.0000    -6.4903   -31.4972     4.3131
  2   333.9870     0.0000     0.0000   327.3505   -33.3263    14.0250
  3     0.0000   333.9870     0.0000    -4.7089   302.4810     5.9758
  4   333.9870   333.9870     0.0000   329.1319   300.6519    15.6877
  5     0.0000     0.0000   128.0000   -10.2158   -32.1143   132.2574
  6   333.9870     0.0000   128.0000   323.6250   -33.9433   141.9693
  7     0.0000   333.9870   128.0000    -8.4343   301.8639   133.9201
  8   333.9870   333.9870   128.0000   325.4065   300.0348   143.6319

(All distances are in millimeters.)
-------------------------------------------------------------
