-------------------------------------------------------------
Transformation Parameters

Patient number: 006
From: pet
To: mr_PD

Point      x          y          z        new_x       new_y       new_z

  1     0.0000     0.0000     0.0000     2.0584    -1.8860     7.3191
  2   329.0218     0.0000     0.0000   331.0364     0.1515    12.2873
  3     0.0000   329.0218     0.0000     0.0370   327.1278     6.2424
  4   329.0218   329.0218     0.0000   329.0150   329.1654    11.2107
  5     0.0000     0.0000   112.0000     0.3650    -1.5300   119.3057
  6   329.0218     0.0000   112.0000   329.3430     0.5076   124.2740
  7     0.0000   329.0218   112.0000    -1.6565   327.4839   118.2291
  8   329.0218   329.0218   112.0000   327.3215   329.5214   123.1973

(All distances are in millimeters.)
-------------------------------------------------------------
