-------------------------------------------------------------
Transformation Parameters

Patient number: 005
From: ct
To: mr_T1

Point      x          y          z        new_x       new_y       new_z

  1     0.0000     0.0000     0.0000     2.0970   -33.5284     2.7043
  2   333.9870     0.0000     0.0000   335.9045   -22.7631     0.6957
  3     0.0000   333.9870     0.0000    -8.6692   300.2851     2.5905
  4   333.9870   333.9870     0.0000   325.1383   311.0504     0.5819
  5     0.0000     0.0000   128.0000     2.8650   -33.4600   130.7020
  6   333.9870     0.0000   128.0000   336.6725   -22.6947   128.6933
  7     0.0000   333.9870   128.0000    -7.9011   300.3535   130.5882
  8   333.9870   333.9870   128.0000   325.9063   311.1188   128.5796

(All distances are in millimeters.)
-------------------------------------------------------------
