-------------------------------------------------------------
Transformation Parameters

Patient number: 003
From: ct
To: mr_T1

Point      x          y          z        new_x       new_y       new_z

  1     0.0000     0.0000     0.0000    34.8472   -12.8849  -106.9078
  2   333.9870     0.0000     0.0000   356.8439    -5.3228   -18.5431
  3     0.0000   333.9870     0.0000     1.6417   305.9608   -13.1948
  4   333.9870   333.9870     0.0000   323.6384   313.5229    75.1698
  5     0.0000     0.0000   132.0000     2.3452   -52.0651    14.8811
  6   333.9870     0.0000   132.0000   324.3419   -44.5030   103.2457
  7     0.0000   333.9870   132.0000   -30.8603   266.7806   108.5941
  8   333.9870   333.9870   132.0000   291.1364   274.3427   196.9587

(All distances are in millimeters.)
-------------------------------------------------------------
