-------------------------------------------------------------
Transformation Parameters

Patient number: 007
From: pet
To: mr_PD

Point      x          y          z        new_x       new_y       new_z

  1     0.0000     0.0000     0.0000     5.1490    -4.1757     6.8926
  2   329.0218     0.0000     0.0000   334.1515    -0.6208     7.0474
  3     0.0000   329.0218     0.0000     1.5922   324.7944    11.5157
  4   329.0218   329.0218     0.0000   330.5948   328.3493    11.6705
  5     0.0000     0.0000   112.0000     5.1133    -5.7499   118.8815
  6   329.0218     0.0000   112.0000   334.1158    -2.1950   119.0363
  7     0.0000   329.0218   112.0000     1.5566   323.2202   123.5046
  8   329.0218   329.0218   112.0000   330.5591   326.7751   123.6594

(All distances are in millimeters.)
-------------------------------------------------------------
