-------------------------------------------------------------
Transformation Parameters

Patient number: 002
From: pet
To: mr_T1_rectified

Point      x          y          z        new_x       new_y       new_z

  1     0.0000     0.0000     0.0000     2.8636     5.8108   -15.5611
  2   329.0218     0.0000     0.0000   331.8146     3.9621    -8.9918
  3     0.0000   329.0218     0.0000     4.4317   334.5314    -1.5720
  4   329.0218   329.0218     0.0000   333.3827   332.6826     4.9973
  5     0.0000     0.0000   112.0000     0.6027     1.0605    96.3153
  6   329.0218     0.0000   112.0000   329.5537    -0.7882   102.8846
  7     0.0000   329.0218   112.0000     2.1707   329.7811   110.3044
  8   329.0218   329.0218   112.0000   331.1218   327.9324   116.8737

(All distances are in millimeters.)
-------------------------------------------------------------
