-------------------------------------------------------------
Transformation Parameters

Patient number: 006
From: pet
To: mr_PD_rectified

Point      x          y          z        new_x       new_y       new_z

  1     0.0000     0.0000     0.0000     1.2067    -0.5122    11.6577
  2   329.0218     0.0000     0.0000   330.2284    -0.3705    11.5375
  3     0.0000   329.0218     0.0000     1.0662   328.4928    14.9757
  4   329.0218   329.0218     0.0000   330.0879   328.6345    14.8555
  5     0.0000     0.0000   112.0000     1.2481    -1.6417   123.6520
  6   329.0218     0.0000   112.0000   330.2698    -1.5000   123.5318
  7     0.0000   329.0218   112.0000     1.1076   327.3634   126.9700
  8   329.0218   329.0218   112.0000   330.1293   327.5051   126.8498

(All distances are in millimeters.)
-------------------------------------------------------------
