-------------------------------------------------------------
Transformation Parameters

Patient number: 005
From: pet
To: mr_T1_rectified

Point      x          y          z        new_x       new_y       new_z

  1     0.0000     0.0000     0.0000    37.0122    37.0729     3.4249
  2   246.7663     0.0000     0.0000   283.7782    37.0487     3.0168
  3     0.0000   246.7663     0.0000    37.0372   283.8386     3.9772
  4   246.7663   246.7663     0.0000   283.8032   283.8145     3.5691
  5     0.0000     0.0000   112.0000    37.1974    36.8222   115.4244
  6   246.7663     0.0000   112.0000   283.9634    36.7981   115.0164
  7     0.0000   246.7663   112.0000    37.2224   283.5879   115.9767
  8   246.7663   246.7663   112.0000   283.9884   283.5638   115.5686

(All distances are in millimeters.)
-------------------------------------------------------------
