-------------------------------------------------------------
Transformation Parameters

Patient number: 002
From: ct
To: mr_PD

Point      x          y          z        new_x       new_y       new_z

  1     0.0000     0.0000     0.0000    22.5202   -64.3116    49.7144
  2   333.9870     0.0000     0.0000   356.1051   -47.9311    49.4027
  3     0.0000   333.9870     0.0000     6.1403   269.2727    50.4549
  4   333.9870   333.9870     0.0000   339.7253   285.6533    50.1432
  5     0.0000     0.0000   112.0000    22.6367   -64.5545   161.7141
  6   333.9870     0.0000   112.0000   356.2217   -48.1740   161.4024
  7     0.0000   333.9870   112.0000     6.2569   269.0298   162.4546
  8   333.9870   333.9870   112.0000   339.8419   285.4104   162.1429

(All distances are in millimeters.)
-------------------------------------------------------------
