-------------------------------------------------------------
Transformation Parameters

Patient number: 002
From: pet
To: mr_PD

Point      x          y          z        new_x       new_y       new_z

  1     0.0000     0.0000     0.0000     2.7959     1.5174   -13.8216
  2   329.0218     0.0000     0.0000   331.7610     1.5188    -7.7111
  3     0.0000   329.0218     0.0000     2.6469   330.4433    -5.8791
  4   329.0218   329.0218     0.0000   331.6120   330.4447     0.2314
  5     0.0000     0.0000   112.0000     0.7165    -1.1867    98.1264
  6   329.0218     0.0000   112.0000   329.6815    -1.1853   104.2370
  7     0.0000   329.0218   112.0000     0.5675   327.7392   106.0689
  8   329.0218   329.0218   112.0000   329.5326   327.7406   112.1794

(All distances are in millimeters.)
-------------------------------------------------------------
