-------------------------------------------------------------
Transformation Parameters

Patient number: 005
From: pet
To: mr_T2

Point      x          y          z        new_x       new_y       new_z

  1     0.0000     0.0000     0.0000    50.6427    25.4746     0.0418
  2   246.7663     0.0000     0.0000   297.3932    25.9747     2.7952
  3     0.0000   246.7663     0.0000    50.1387   272.2402     0.3873
  4   246.7663   246.7663     0.0000   296.8892   272.7403     3.1407
  5     0.0000     0.0000   112.0000    49.3934    25.3152   112.0348
  6   246.7663     0.0000   112.0000   296.1438    25.8154   114.7881
  7     0.0000   246.7663   112.0000    48.8894   272.0808   112.3802
  8   246.7663   246.7663   112.0000   295.6398   272.5809   115.1336

(All distances are in millimeters.)
-------------------------------------------------------------
