----------------------------------------------------------------------
Transformation Parameters

Patient number: 004
From: ct
To: mr_T2_rectified

Point      x          y          z        new_x       new_y       new_z

1 0.000000 0.000000 0.000000 1.320310 -29.973363 -39.888289
2 333.987030 0.000000 0.000000 335.306137 -29.366981 -39.228276
3 0.000000 333.987030 0.000000 0.695016 303.872242 -30.190001
4 333.987030 333.987030 0.000000 334.680844 304.478625 -29.529988
5 0.000000 0.000000 104.000000 1.120359 -32.993681 64.067652
6 333.987030 0.000000 104.000000 335.106186 -32.387298 64.727665
7 0.000000 333.987030 104.000000 0.495065 300.851925 73.765940
8 333.987030 333.987030 104.000000 334.480892 301.458308 74.425953

(All distances are in millimeters.)
----------------------------------------------------------------------
