----------------------------------------------------------------------
Transformation Parameters

Patient number: 007
From: pet
To: mr_T2_rectified

Point      x          y          z        new_x       new_y       new_z

1 0.000000 0.000000 0.000000 13.698177 -8.829227 8.496329
2 329.021826 0.000000 0.000000 342.450696 3.594009 3.720754
3 0.000000 329.021826 0.000000 1.217654 319.932439 4.576455
4 329.021826 329.021826 0.000000 329.970173 332.355675 -0.199119
5 0.000000 0.000000 112.000000 15.272129 -7.434319 120.476581
6 329.021826 0.000000 112.000000 344.024648 4.988917 115.701007
7 0.000000 329.021826 112.000000 2.791606 321.327347 116.556708
8 329.021826 329.021826 112.000000 331.544125 333.750583 111.781133

(All distances are in millimeters.)
----------------------------------------------------------------------
