----------------------------------------------------------------------
Transformation Parameters

Patient number: 007
From: ct
To: mr_T1

Point      x          y          z        new_x       new_y       new_z

1 0.000000 0.000000 0.000000 -6.601350 -22.205479 -4.923899
2 333.987030 0.000000 0.000000 327.360699 -22.469343 -9.000236
3 0.000000 333.987030 0.000000 -6.378592 311.764492 -8.292101
4 333.987030 333.987030 0.000000 327.583457 311.500628 -12.368438
5 0.000000 0.000000 108.000000 -5.282409 -21.117278 103.062564
6 333.987030 0.000000 108.000000 328.679640 -21.381142 98.986227
7 0.000000 333.987030 108.000000 -5.059651 312.852693 99.694362
8 333.987030 333.987030 108.000000 328.902398 312.588829 95.618025

(All distances are in millimeters.)
----------------------------------------------------------------------
