----------------------------------------------------------------------
Transformation Parameters

Patient number: 005
From: ct
To: mr_T1

Point      x          y          z        new_x       new_y       new_z

1 0.000000 0.000000 0.000000 -5.445691 -33.798669 -13.606005
2 333.987030 0.000000 0.000000 328.535750 -32.858659 -15.294212
3 0.000000 333.987030 0.000000 -6.435850 300.037080 -23.608422
4 333.987030 333.987030 0.000000 327.545590 300.977090 -25.296630
5 0.000000 0.000000 128.000000 -4.809770 -29.963404 114.334944
6 333.987030 0.000000 128.000000 329.171670 -29.023394 112.646736
7 0.000000 333.987030 128.000000 -5.799930 303.872345 104.332526
8 333.987030 333.987030 128.000000 328.181511 304.812355 102.644319

(All distances are in millimeters.)
----------------------------------------------------------------------
