----------------------------------------------------------------------
Transformation Parameters

Patient number: 003
From: ct
To: mr_T2

Point      x          y          z        new_x       new_y       new_z

1 0.000000 0.000000 0.000000 -1.593653 -30.101128 -34.871113
2 333.987030 0.000000 0.000000 332.390616 -31.432011 -34.600584
3 0.000000 333.987030 0.000000 -0.262718 303.883244 -34.934571
4 333.987030 333.987030 0.000000 333.721550 302.552361 -34.664041
5 0.000000 0.000000 132.000000 -1.700472 -30.075623 97.128841
6 333.987030 0.000000 132.000000 332.283796 -31.406506 97.399371
7 0.000000 333.987030 132.000000 -0.369538 303.908749 97.065384
8 333.987030 333.987030 132.000000 333.614731 302.577867 97.335913

(All distances are in millimeters.)
----------------------------------------------------------------------
