----------------------------------------------------------------------
Transformation Parameters

Patient number: 006
From: pet
To: mr_PD_rectified

Point      x          y          z        new_x       new_y       new_z

1 0.000000 0.000000 0.000000 0.520408 12.826526 -13.805508
2 329.021826 0.000000 0.000000 328.638141 -4.223211 3.613487
3 0.000000 329.021826 0.000000 17.463643 341.402640 -11.350699
4 329.021826 329.021826 0.000000 345.581376 324.352903 6.068296
5 0.000000 0.000000 112.000000 -5.444338 12.298541 98.034302
6 329.021826 0.000000 112.000000 322.673395 -4.751196 115.453297
7 0.000000 329.021826 112.000000 11.498896 340.874654 100.489111
8 329.021826 329.021826 112.000000 339.616630 323.824918 117.908106

(All distances are in millimeters.)
----------------------------------------------------------------------
