----------------------------------------------------------------------
Transformation Parameters

Patient number: 003
From: ct
To: mr_T1

Point      x          y          z        new_x       new_y       new_z

1 0.000000 0.000000 0.000000 -1.439537 -29.547835 -32.848320
2 333.987030 0.000000 0.000000 332.544046 -30.897809 -32.155092
3 0.000000 333.987030 0.000000 -0.076458 304.374456 -39.281181
4 333.987030 333.987030 0.000000 333.907124 303.024482 -38.587953
5 0.000000 0.000000 132.000000 -1.703188 -27.004316 99.126909
6 333.987030 0.000000 132.000000 332.280394 -28.354290 99.820137
7 0.000000 333.987030 132.000000 -0.340110 306.917975 92.694048
8 333.987030 333.987030 132.000000 333.643473 305.568001 93.387276

(All distances are in millimeters.)
----------------------------------------------------------------------
