----------------------------------------------------------------------
Transformation Parameters

Patient number: 003
From: ct
To: mr_PD

Point      x          y          z        new_x       new_y       new_z

1 0.000000 0.000000 0.000000 3.328470 -39.602439 -52.230086
2 333.987030 0.000000 0.000000 337.226664 -32.217035 -50.041871
3 0.000000 333.987030 0.000000 -4.014684 294.244885 -58.505333
4 333.987030 333.987030 0.000000 329.883510 301.630289 -56.317118
5 0.000000 0.000000 132.000000 2.409152 -37.141979 79.743778
6 333.987030 0.000000 132.000000 336.307346 -29.756575 81.931993
7 0.000000 333.987030 132.000000 -4.934002 296.705345 73.468531
8 333.987030 333.987030 132.000000 328.964192 304.090749 75.656746

(All distances are in millimeters.)
----------------------------------------------------------------------
