----------------------------------------------------------------------
Transformation Parameters

Patient number: 006
From: ct
To: mr_T2

Point      x          y          z        new_x       new_y       new_z

1 0.000000 0.000000 0.000000 -10.300881 -27.959268 0.936694
2 333.987030 0.000000 0.000000 323.665127 -31.703672 1.083647
3 0.000000 333.987030 0.000000 -6.556985 306.004939 2.044861
4 333.987030 333.987030 0.000000 327.409022 302.260535 2.191814
5 0.000000 0.000000 116.000000 -10.356232 -28.343559 116.936044
6 333.987030 0.000000 116.000000 323.609775 -32.087963 117.082997
7 0.000000 333.987030 116.000000 -6.612337 305.620648 118.044211
8 333.987030 333.987030 116.000000 327.353671 301.876244 118.191164

(All distances are in millimeters.)
----------------------------------------------------------------------
