----------------------------------------------------------------------
Transformation Parameters

Patient number: 008
From: pet
To: mr_T2

Point      x          y          z        new_x       new_y       new_z

1 0.000000 0.000000 0.000000 0.967941 22.910853 -40.582872
2 329.021826 0.000000 0.000000 328.169348 6.282203 -10.282877
3 0.000000 329.021826 0.000000 16.480072 351.320558 -27.862769
4 329.021826 329.021826 0.000000 343.681478 334.691909 2.437227
5 0.000000 0.000000 112.000000 -9.545912 19.091125 70.857105
6 329.021826 0.000000 112.000000 317.655494 2.462475 101.157101
7 0.000000 329.021826 112.000000 5.966218 347.500830 83.577209
8 329.021826 329.021826 112.000000 333.167624 330.872181 113.877204

(All distances are in millimeters.)
----------------------------------------------------------------------
