----------------------------------------------------------------------
Transformation Parameters

Patient number: 007
From: pet
To: mr_PD

Point      x          y          z        new_x       new_y       new_z

1 0.000000 0.000000 0.000000 10.024482 -6.572415 1.024053
2 329.021826 0.000000 0.000000 338.924208 2.317410 2.165404
3 0.000000 329.021826 0.000000 1.127360 322.322112 3.167286
4 329.021826 329.021826 0.000000 330.027087 331.211937 4.308637
5 0.000000 0.000000 112.000000 9.655825 -7.312213 113.021003
6 329.021826 0.000000 112.000000 338.555552 1.577612 114.162354
7 0.000000 329.021826 112.000000 0.758703 321.582314 115.164236
8 329.021826 329.021826 112.000000 329.658430 330.472139 116.305587

(All distances are in millimeters.)
----------------------------------------------------------------------
