----------------------------------------------------------------------
Transformation Parameters

Patient number: 007
From: pet
To: mr_PD_rectified

Point      x          y          z        new_x       new_y       new_z

1 0.000000 0.000000 0.000000 8.562551 -2.813912 7.614080
2 329.021826 0.000000 0.000000 337.583085 -2.941391 6.701054
3 0.000000 329.021826 0.000000 8.665168 326.086354 -1.328290
4 329.021826 329.021826 0.000000 337.685702 325.958876 -2.241316
5 0.000000 0.000000 112.000000 8.874412 0.229988 119.572274
6 329.021826 0.000000 112.000000 337.894946 0.102510 118.659248
7 0.000000 329.021826 112.000000 8.977029 329.130254 110.629904
8 329.021826 329.021826 112.000000 337.997563 329.002776 109.716878

(All distances are in millimeters.)
----------------------------------------------------------------------
