----------------------------------------------------------------------
Transformation Parameters

Patient number: 005
From: pet
To: mr_T2_rectified

Point      x          y          z        new_x       new_y       new_z

1 0.000000 0.000000 0.000000 52.349933 21.579324 5.611286
2 246.766339 0.000000 0.000000 299.071227 24.809742 9.045495
3 0.000000 246.766339 0.000000 49.329275 267.889906 -9.072010
4 246.766339 246.766339 0.000000 296.050569 271.120324 -5.637801
5 0.000000 0.000000 112.000000 50.706883 28.223345 117.401971
6 246.766339 0.000000 112.000000 297.428176 31.453763 120.836180
7 0.000000 246.766339 112.000000 47.686224 274.533927 102.718675
8 246.766339 246.766339 112.000000 294.407518 277.764345 106.152884

(All distances are in millimeters.)
----------------------------------------------------------------------
