----------------------------------------------------------------------
Transformation Parameters

Patient number: 004
From: ct
To: mr_T2

Point      x          y          z        new_x       new_y       new_z

1 0.000000 0.000000 0.000000 0.675256 -28.916182 -26.641241
2 333.987030 0.000000 0.000000 334.661789 -28.506450 -27.045699
3 0.000000 333.987030 0.000000 0.266122 305.070231 -26.146941
4 333.987030 333.987030 0.000000 334.252656 305.479964 -26.551398
5 0.000000 0.000000 104.000000 0.801388 -29.069948 77.358568
6 333.987030 0.000000 104.000000 334.787922 -28.660215 76.954111
7 0.000000 333.987030 104.000000 0.392255 304.916466 77.852869
8 333.987030 333.987030 104.000000 334.378788 305.326198 77.448411

(All distances are in millimeters.)
----------------------------------------------------------------------
