----------------------------------------------------------------------
Transformation Parameters

Patient number: 003
From: ct
To: mr_PD_rectified

Point      x          y          z        new_x       new_y       new_z

1 0.000000 0.000000 0.000000 5.337946 -41.275321 -52.881772
2 333.987030 0.000000 0.000000 339.192890 -32.501653 -49.529935
3 0.000000 333.987030 0.000000 -3.387939 292.564345 -57.601186
4 333.987030 333.987030 0.000000 330.467006 301.338013 -54.249349
5 0.000000 0.000000 132.000000 3.964802 -39.445439 79.098401
6 333.987030 0.000000 132.000000 337.819747 -30.671771 82.450238
7 0.000000 333.987030 132.000000 -4.761082 294.394227 74.378987
8 333.987030 333.987030 132.000000 329.093862 303.167895 77.730824

(All distances are in millimeters.)
----------------------------------------------------------------------
