----------------------------------------------------------------------
Transformation Parameters

Patient number: 006
From: ct
To: mr_T1

Point      x          y          z        new_x       new_y       new_z

1 0.000000 0.000000 0.000000 -8.971606 -29.708455 -21.117626
2 333.987030 0.000000 0.000000 325.007117 -30.848239 -23.179142
3 0.000000 333.987030 0.000000 -7.858522 304.248862 -25.431282
4 333.987030 333.987030 0.000000 326.120201 303.109078 -27.492799
5 0.000000 0.000000 116.000000 -8.250553 -28.212664 94.870489
6 333.987030 0.000000 116.000000 325.728170 -29.352448 92.808972
7 0.000000 333.987030 116.000000 -7.137469 305.744653 90.556832
8 333.987030 333.987030 116.000000 326.841254 304.604869 88.495316

(All distances are in millimeters.)
----------------------------------------------------------------------
