----------------------------------------------------------------------
Transformation Parameters

Patient number: 002
From: pet
To: mr_T2_rectified

Point      x          y          z        new_x       new_y       new_z

1 0.000000 0.000000 0.000000 6.642947 5.384209 -7.267383
2 329.021826 0.000000 0.000000 335.664659 5.187583 -7.076551
3 0.000000 329.021826 0.000000 6.840030 334.405031 -8.056048
4 329.021826 329.021826 0.000000 335.861742 334.208404 -7.865216
5 0.000000 0.000000 112.000000 6.578148 5.652712 104.732276
6 329.021826 0.000000 112.000000 335.599859 5.456085 104.923108
7 0.000000 329.021826 112.000000 6.775231 334.673533 103.943611
8 329.021826 329.021826 112.000000 335.796943 334.476907 104.134443

(All distances are in millimeters.)
----------------------------------------------------------------------
