----------------------------------------------------------------------
Transformation Parameters

Patient number: 004
From: ct
To: mr_T1

Point      x          y          z        new_x       new_y       new_z

1 0.000000 0.000000 0.000000 0.636709 -30.768585 -25.908284
2 333.987030 0.000000 0.000000 334.623726 -30.732869 -25.993451
3 0.000000 333.987030 0.000000 0.600972 303.218434 -25.987105
4 333.987030 333.987030 0.000000 334.587990 303.254150 -26.072272
5 0.000000 0.000000 104.000000 0.663226 -30.744038 78.091710
6 333.987030 0.000000 104.000000 334.650244 -30.708322 78.006543
7 0.000000 333.987030 104.000000 0.627490 303.242981 78.012889
8 333.987030 333.987030 104.000000 334.614507 303.278697 77.927722

(All distances are in millimeters.)
----------------------------------------------------------------------
