----------------------------------------------------------------------
Transformation Parameters

Patient number: 003
From: ct
To: mr_T2

Point      x          y          z        new_x       new_y       new_z

1 0.000000 0.000000 0.000000 -2.199651 -30.211982 -34.857583
2 333.987030 0.000000 0.000000 331.787292 -30.453777 -34.863595
3 0.000000 333.987030 0.000000 -1.957845 303.774389 -34.239373
4 333.987030 333.987030 0.000000 332.029098 303.532593 -34.245385
5 0.000000 0.000000 132.000000 -2.197452 -30.456315 97.142191
6 333.987030 0.000000 132.000000 331.789491 -30.698111 97.136179
7 0.000000 333.987030 132.000000 -1.955646 303.530055 97.760401
8 333.987030 333.987030 132.000000 332.031297 303.288260 97.754389

(All distances are in millimeters.)
----------------------------------------------------------------------
