----------------------------------------------------------------------
Transformation Parameters

Patient number: 007
From: pet
To: mr_T2_rectified

Point      x          y          z        new_x       new_y       new_z

1 0.000000 0.000000 0.000000 7.758290 -1.913913 8.966384
2 329.021826 0.000000 0.000000 336.779725 -1.586063 9.352655
3 0.000000 329.021826 0.000000 7.430255 327.107712 9.122998
4 329.021826 329.021826 0.000000 336.451691 327.435562 9.509270
5 0.000000 0.000000 112.000000 7.626855 -1.967356 120.966294
6 329.021826 0.000000 112.000000 336.648291 -1.639506 121.352566
7 0.000000 329.021826 112.000000 7.298820 327.054269 121.122909
8 329.021826 329.021826 112.000000 336.320256 327.382119 121.509180

(All distances are in millimeters.)
----------------------------------------------------------------------
