----------------------------------------------------------------------
Transformation Parameters

Patient number: 003
From: ct
To: mr_PD

Point      x          y          z        new_x       new_y       new_z

1 0.000000 0.000000 0.000000 0.474301 -36.860604 -52.382213
2 333.987030 0.000000 0.000000 334.459934 -36.707017 -53.335744
3 0.000000 333.987030 0.000000 0.320333 297.126364 -52.515473
4 333.987030 333.987030 0.000000 334.305966 297.279951 -53.469005
5 0.000000 0.000000 132.000000 0.851136 -36.807763 79.617239
6 333.987030 0.000000 132.000000 334.836769 -36.654176 78.663707
7 0.000000 333.987030 132.000000 0.697168 297.179205 79.483978
8 333.987030 333.987030 132.000000 334.682801 297.332792 78.530447

(All distances are in millimeters.)
----------------------------------------------------------------------
