----------------------------------------------------------------------
Transformation Parameters

Patient number: 007
From: pet
To: mr_T1_rectified

Point      x          y          z        new_x       new_y       new_z

1 0.000000 0.000000 0.000000 8.497467 -2.672584 5.610172
2 329.021826 0.000000 0.000000 337.519185 -2.671286 5.877008
3 0.000000 329.021826 0.000000 8.496809 326.348295 4.820849
4 329.021826 329.021826 0.000000 337.518527 326.349593 5.087685
5 0.000000 0.000000 112.000000 8.406635 -2.403897 117.609813
6 329.021826 0.000000 112.000000 337.428352 -2.402599 117.876649
7 0.000000 329.021826 112.000000 8.405977 326.616982 116.820490
8 329.021826 329.021826 112.000000 337.427694 326.618280 117.087326

(All distances are in millimeters.)
----------------------------------------------------------------------
