----------------------------------------------------------------------
Transformation Parameters

Patient number: 005
From: pet
To: mr_T2_rectified

Point      x          y          z        new_x       new_y       new_z

1 0.000000 0.000000 0.000000 50.976832 24.710838 3.025560
2 246.766339 0.000000 0.000000 297.742652 25.135017 2.748935
3 0.000000 246.766339 0.000000 50.552888 271.476724 3.235312
4 246.766339 246.766339 0.000000 297.318707 271.900903 2.958687
5 0.000000 0.000000 112.000000 51.102548 24.615854 115.025449
6 246.766339 0.000000 112.000000 297.868367 25.040033 114.748824
7 0.000000 246.766339 112.000000 50.678603 271.381740 115.235201
8 246.766339 246.766339 112.000000 297.444423 271.805919 114.958576

(All distances are in millimeters.)
----------------------------------------------------------------------
