----------------------------------------------------------------------
Transformation Parameters

Patient number: 006
From: ct
To: mr_T2

Point      x          y          z        new_x       new_y       new_z

1 0.000000 0.000000 0.000000 -7.535294 -31.657117 -26.105631
2 333.987030 0.000000 0.000000 326.451317 -31.838185 -25.607991
3 0.000000 333.987030 0.000000 -7.354941 302.329519 -25.625692
4 333.987030 333.987030 0.000000 326.631669 302.148452 -25.128052
5 0.000000 0.000000 116.000000 -7.708223 -31.823715 89.894120
6 333.987030 0.000000 116.000000 326.278387 -32.004783 90.391760
7 0.000000 333.987030 116.000000 -7.527871 302.162921 90.374059
8 333.987030 333.987030 116.000000 326.458740 301.981853 90.871699

(All distances are in millimeters.)
----------------------------------------------------------------------
