----------------------------------------------------------------------
Transformation Parameters

Patient number: 002
From: ct
To: mr_T2

Point      x          y          z        new_x       new_y       new_z

1 0.000000 0.000000 0.000000 0.855928 -32.991598 -17.530198
2 333.987030 0.000000 0.000000 334.842932 -33.014636 -17.401613
3 0.000000 333.987030 0.000000 0.878973 300.995431 -17.547899
4 333.987030 333.987030 0.000000 334.865978 300.972393 -17.419314
5 0.000000 0.000000 112.000000 0.812808 -32.985659 94.469794
6 333.987030 0.000000 112.000000 334.799813 -33.008697 94.598379
7 0.000000 333.987030 112.000000 0.835854 301.001370 94.452093
8 333.987030 333.987030 112.000000 334.822858 300.978332 94.580678

(All distances are in millimeters.)
----------------------------------------------------------------------
