----------------------------------------------------------------------
Transformation Parameters

Patient number: 004
From: ct
To: mr_T2

Point      x          y          z        new_x       new_y       new_z

1 0.000000 0.000000 0.000000 0.569719 -28.516302 -33.440261
2 333.987030 0.000000 0.000000 334.556164 -28.465521 -34.063480
3 0.000000 333.987030 0.000000 0.517952 305.470305 -33.969297
4 333.987030 333.987030 0.000000 334.504396 305.521086 -34.592515
5 0.000000 0.000000 104.000000 0.763758 -28.351536 70.559427
6 333.987030 0.000000 104.000000 334.750203 -28.300755 69.936209
7 0.000000 333.987030 104.000000 0.711990 305.635071 70.030392
8 333.987030 333.987030 104.000000 334.698435 305.685852 69.407173

(All distances are in millimeters.)
----------------------------------------------------------------------
