----------------------------------------------------------------------
Transformation Parameters

Patient number: 005
From: pet
To: mr_T1_rectified

Point      x          y          z        new_x       new_y       new_z

1 0.000000 0.000000 0.000000 51.286949 24.448727 1.067335
2 246.766339 0.000000 0.000000 298.053081 24.722640 1.232174
3 0.000000 246.766339 0.000000 51.013038 271.214914 1.064127
4 246.766339 246.766339 0.000000 297.779170 271.488827 1.228966
5 0.000000 0.000000 112.000000 51.212131 24.450100 113.067310
6 246.766339 0.000000 112.000000 297.978263 24.724013 113.232149
7 0.000000 246.766339 112.000000 50.938220 271.216287 113.064102
8 246.766339 246.766339 112.000000 297.704352 271.490200 113.228941

(All distances are in millimeters.)
----------------------------------------------------------------------
