----------------------------------------------------------------------
Transformation Parameters

Patient number: 001
From: ct
To: mr_T2

Point      x          y          z        new_x       new_y       new_z

1 0.000000 0.000000 0.000000 0.200663 -23.215282 -2.241812
2 333.987030 0.000000 0.000000 334.187513 -23.458598 -2.488293
3 0.000000 333.987030 0.000000 0.443471 310.770952 -2.929156
4 333.987030 333.987030 0.000000 334.430321 310.527636 -3.175638
5 0.000000 0.000000 108.000000 0.280529 -22.993076 105.757930
6 333.987030 0.000000 108.000000 334.267379 -23.236392 105.511448
7 0.000000 333.987030 108.000000 0.523337 310.993158 105.070585
8 333.987030 333.987030 108.000000 334.510187 310.749842 104.824104

(All distances are in millimeters.)
----------------------------------------------------------------------
