----------------------------------------------------------------------
Transformation Parameters

Patient number: 001
From: pet
To: mr_T2_rectified

Point      x          y          z        new_x       new_y       new_z

1 0.000000 0.000000 0.000000 8.074419 -13.423243 3.182514
2 329.021826 0.000000 0.000000 337.095907 -13.192346 3.593791
3 0.000000 329.021826 0.000000 7.843117 315.598342 3.506929
4 329.021826 329.021826 0.000000 336.864605 315.829239 3.918206
5 0.000000 0.000000 112.000000 7.934497 -13.533773 115.182372
6 329.021826 0.000000 112.000000 336.955985 -13.302876 115.593649
7 0.000000 329.021826 112.000000 7.703195 315.487812 115.506787
8 329.021826 329.021826 112.000000 336.724683 315.718708 115.918064

(All distances are in millimeters.)
----------------------------------------------------------------------
