----------------------------------------------------------------------
Transformation Parameters

Patient number: 004
From: ct
To: mr_PD

Point      x          y          z        new_x       new_y       new_z

1 0.000000 0.000000 0.000000 -0.387536 -28.751198 -34.905992
2 333.987030 0.000000 0.000000 333.598790 -28.307479 -34.383302
3 0.000000 333.987030 0.000000 -0.831738 305.235394 -34.597054
4 333.987030 333.987030 0.000000 333.154588 305.679112 -34.074364
5 0.000000 0.000000 104.000000 -0.550168 -28.847614 69.093836
6 333.987030 0.000000 104.000000 333.436158 -28.403896 69.616526
7 0.000000 333.987030 104.000000 -0.994370 305.138977 69.402774
8 333.987030 333.987030 104.000000 332.991956 305.582696 69.925464

(All distances are in millimeters.)
----------------------------------------------------------------------
