----------------------------------------------------------------------
Transformation Parameters

Patient number: 003
From: ct
To: mr_T1_rectified

Point      x          y          z        new_x       new_y       new_z

1 0.000000 0.000000 0.000000 0.274652 -30.825091 -34.143081
2 333.987030 0.000000 0.000000 334.260788 -30.955795 -34.904569
3 0.000000 333.987030 0.000000 0.403571 303.160996 -34.925946
4 333.987030 333.987030 0.000000 334.389707 303.030293 -35.687433
5 0.000000 0.000000 132.000000 0.575731 -30.515801 97.856213
6 333.987030 0.000000 132.000000 334.561867 -30.646504 97.094726
7 0.000000 333.987030 132.000000 0.704650 303.470287 97.073349
8 333.987030 333.987030 132.000000 334.690786 303.339583 96.311861

(All distances are in millimeters.)
----------------------------------------------------------------------
