----------------------------------------------------------------------
Transformation Parameters

Patient number: 004
From: ct
To: mr_T1_rectified

Point      x          y          z        new_x       new_y       new_z

1 0.000000 0.000000 0.000000 0.753611 -30.126371 -32.163936
2 333.987030 0.000000 0.000000 334.740565 -29.964166 -32.319573
3 0.000000 333.987030 0.000000 0.591293 303.860532 -32.405074
4 333.987030 333.987030 0.000000 334.578248 304.022738 -32.560712
5 0.000000 0.000000 104.000000 0.802038 -30.051260 71.836026
6 333.987030 0.000000 104.000000 334.788993 -29.889054 71.680388
7 0.000000 333.987030 104.000000 0.639721 303.935644 71.594887
8 333.987030 333.987030 104.000000 334.626675 304.097849 71.439250

(All distances are in millimeters.)
----------------------------------------------------------------------
