----------------------------------------------------------------------
Transformation Parameters

Patient number: 003
From: ct
To: mr_T2_rectified

Point      x          y          z        new_x       new_y       new_z

1 0.000000 0.000000 0.000000 0.504091 -32.017827 -35.272453
2 333.987030 0.000000 0.000000 334.490826 -31.821705 -35.670899
3 0.000000 333.987030 0.000000 0.307373 301.968771 -35.772431
4 333.987030 333.987030 0.000000 334.294108 302.164893 -36.170877
5 0.000000 0.000000 132.000000 0.661450 -31.820131 96.727305
6 333.987030 0.000000 132.000000 334.648185 -31.624009 96.328859
7 0.000000 333.987030 132.000000 0.464732 302.166467 96.227327
8 333.987030 333.987030 132.000000 334.451467 302.362589 95.828881

(All distances are in millimeters.)
----------------------------------------------------------------------
