----------------------------------------------------------------------
Transformation Parameters

Patient number: 005
From: ct
To: mr_PD

Point      x          y          z        new_x       new_y       new_z

1 0.000000 0.000000 0.000000 -6.152390 -32.387068 -17.592141
2 333.987030 0.000000 0.000000 327.833683 -32.714538 -18.321234
3 0.000000 333.987030 0.000000 -5.825083 301.599793 -17.666954
4 333.987030 333.987030 0.000000 328.160991 301.272324 -18.396047
5 0.000000 0.000000 128.000000 -5.872939 -32.358670 110.407551
6 333.987030 0.000000 128.000000 328.113135 -32.686139 109.678458
7 0.000000 333.987030 128.000000 -5.545631 301.628192 110.332738
8 333.987030 333.987030 128.000000 328.440442 301.300722 109.603645

(All distances are in millimeters.)
----------------------------------------------------------------------
