----------------------------------------------------------------------
Transformation Parameters

Patient number: 001
From: ct
To: mr_T2_rectified

Point      x          y          z        new_x       new_y       new_z

1 0.000000 0.000000 0.000000 2.874240 -22.479473 0.905557
2 333.987030 0.000000 0.000000 336.861153 -22.501731 0.627012
3 0.000000 333.987030 0.000000 2.895949 311.506909 0.247937
4 333.987030 333.987030 0.000000 336.882862 311.484651 -0.030608
5 0.000000 0.000000 108.000000 2.964326 -22.266827 108.905310
6 333.987030 0.000000 108.000000 336.951239 -22.289085 108.626765
7 0.000000 333.987030 108.000000 2.986035 311.719555 108.247690
8 333.987030 333.987030 108.000000 336.972948 311.697297 107.969145

(All distances are in millimeters.)
----------------------------------------------------------------------
