----------------------------------------------------------------------
Transformation Parameters

Patient number: 007
From: ct
To: mr_T1_rectified

Point      x          y          z        new_x       new_y       new_z

1 0.000000 0.000000 0.000000 -3.853248 -22.192312 -5.492870
2 333.987030 0.000000 0.000000 330.133548 -22.463743 -5.779765
3 0.000000 333.987030 0.000000 -3.582385 311.793954 -6.153830
4 333.987030 333.987030 0.000000 330.404411 311.522523 -6.440724
5 0.000000 0.000000 108.000000 -3.760303 -21.978655 102.506878
6 333.987030 0.000000 108.000000 330.226493 -22.250086 102.219984
7 0.000000 333.987030 108.000000 -3.489440 312.007611 101.845919
8 333.987030 333.987030 108.000000 330.497356 311.736180 101.559024

(All distances are in millimeters.)
----------------------------------------------------------------------
