----------------------------------------------------------------------
Transformation Parameters

Patient number: 002
From: pet
To: mr_PD

Point      x          y          z        new_x       new_y       new_z

1 0.000000 0.000000 0.000000 3.162157 3.495342 -8.957005
2 329.021826 0.000000 0.000000 332.183665 3.232413 -9.331432
3 0.000000 329.021826 0.000000 3.425045 332.517061 -8.993197
4 329.021826 329.021826 0.000000 332.446553 332.254131 -9.367624
5 0.000000 0.000000 112.000000 3.289623 3.507560 103.042922
6 329.021826 0.000000 112.000000 332.311130 3.244631 102.668495
7 0.000000 329.021826 112.000000 3.552511 332.529279 103.006730
8 329.021826 329.021826 112.000000 332.574019 332.266350 102.632303

(All distances are in millimeters.)
----------------------------------------------------------------------
