----------------------------------------------------------------------
Transformation Parameters

Patient number: 002
From: pet
To: mr_T1

Point      x          y          z        new_x       new_y       new_z

1 0.000000 0.000000 0.000000 2.072737 9.623379 -9.428314
2 329.021826 0.000000 0.000000 331.094355 9.734069 -9.075274
3 0.000000 329.021826 0.000000 1.962186 338.645161 -9.557949
4 329.021826 329.021826 0.000000 330.983804 338.755851 -9.204909
5 0.000000 0.000000 112.000000 1.952546 9.667467 102.571613
6 329.021826 0.000000 112.000000 330.974164 9.778157 102.924653
7 0.000000 329.021826 112.000000 1.841995 338.689248 102.441978
8 329.021826 329.021826 112.000000 330.863613 338.799939 102.795018

(All distances are in millimeters.)
----------------------------------------------------------------------
