----------------------------------------------------------------------
Transformation Parameters

Patient number: 007
From: pet
To: mr_PD

Point      x          y          z        new_x       new_y       new_z

1 0.000000 0.000000 0.000000 7.810654 -1.430210 6.725444
2 329.021826 0.000000 0.000000 336.831865 -1.142219 6.158540
3 0.000000 329.021826 0.000000 7.522431 327.591462 6.590874
4 329.021826 329.021826 0.000000 336.543642 327.879453 6.023970
5 0.000000 0.000000 112.000000 8.003590 -1.384233 118.725268
6 329.021826 0.000000 112.000000 337.024801 -1.096242 118.158364
7 0.000000 329.021826 112.000000 7.715367 327.637439 118.590698
8 329.021826 329.021826 112.000000 336.736578 327.925430 118.023794

(All distances are in millimeters.)
----------------------------------------------------------------------
