----------------------------------------------------------------------
Transformation Parameters

Patient number: 007
From: ct
To: mr_T2_rectified

Point      x          y          z        new_x       new_y       new_z

1 0.000000 0.000000 0.000000 -3.802548 -21.776292 -5.869564
2 333.987030 0.000000 0.000000 330.184208 -22.149478 -6.078306
3 0.000000 333.987030 0.000000 -3.429485 312.210472 -6.066950
4 333.987030 333.987030 0.000000 330.557271 311.837285 -6.275692
5 0.000000 0.000000 108.000000 -3.734977 -21.712539 102.130396
6 333.987030 0.000000 108.000000 330.251779 -22.085726 101.921654
7 0.000000 333.987030 108.000000 -3.361914 312.274224 101.933010
8 333.987030 333.987030 108.000000 330.624842 311.901038 101.724268

(All distances are in millimeters.)
----------------------------------------------------------------------
