----------------------------------------------------------------------
Transformation Parameters

Patient number: 001
From: ct
To: mr_T1

Point      x          y          z        new_x       new_y       new_z

1 0.000000 0.000000 0.000000 0.385542 -22.231343 -5.360167
2 333.987030 0.000000 0.000000 334.371713 -22.670008 -5.977709
3 0.000000 333.987030 0.000000 0.824401 311.755383 -5.255963
4 333.987030 333.987030 0.000000 334.810572 311.316717 -5.873505
5 0.000000 0.000000 108.000000 0.585190 -22.265301 102.639643
6 333.987030 0.000000 108.000000 334.571361 -22.703967 102.022101
7 0.000000 333.987030 108.000000 1.024049 311.721424 102.743847
8 333.987030 333.987030 108.000000 335.010220 311.282759 102.126305

(All distances are in millimeters.)
----------------------------------------------------------------------
