----------------------------------------------------------------------
Transformation Parameters

Patient number: 007
From: pet
To: mr_T1

Point      x          y          z        new_x       new_y       new_z

1 0.000000 0.000000 0.000000 6.971609 -2.644522 7.770978
2 329.021826 0.000000 0.000000 335.993387 -2.819154 7.736102
3 0.000000 329.021826 0.000000 7.146320 326.376438 8.505354
4 329.021826 329.021826 0.000000 336.168097 326.201805 8.470478
5 0.000000 0.000000 112.000000 6.983349 -2.894512 119.770698
6 329.021826 0.000000 112.000000 336.005126 -3.069144 119.735822
7 0.000000 329.021826 112.000000 7.158059 326.126448 120.505074
8 329.021826 329.021826 112.000000 336.179836 325.951815 120.470198

(All distances are in millimeters.)
----------------------------------------------------------------------
