----------------------------------------------------------------------
Transformation Parameters

Patient number: 009
From: pet
To: mr_T2

Point      x          y          z        new_x       new_y       new_z

1 0.000000 0.000000 0.000000 6.132048 -3.622070 -18.684788
2 329.021826 0.000000 0.000000 335.153420 -3.911398 -18.221197
3 0.000000 329.021826 0.000000 6.421916 325.399405 -19.068098
4 329.021826 329.021826 0.000000 335.443288 325.110077 -18.604507
5 0.000000 0.000000 112.000000 5.974355 -3.491451 93.315025
6 329.021826 0.000000 112.000000 334.995727 -3.780779 93.778616
7 0.000000 329.021826 112.000000 6.264223 325.530024 92.931715
8 329.021826 329.021826 112.000000 335.285595 325.240696 93.395306

(All distances are in millimeters.)
----------------------------------------------------------------------
