----------------------------------------------------------------------
Transformation Parameters

Patient number: 002
From: ct
To: mr_T2_rectified

Point      x          y          z        new_x       new_y       new_z

1 0.000000 0.000000 0.000000 3.052365 -30.818970 -17.074773
2 333.987030 0.000000 0.000000 337.038859 -30.561742 -16.534717
3 0.000000 333.987030 0.000000 2.795863 303.167659 -17.523985
4 333.987030 333.987030 0.000000 336.782357 303.424887 -16.983929
5 0.000000 0.000000 112.000000 2.871145 -30.668469 94.924979
6 333.987030 0.000000 112.000000 336.857639 -30.411241 95.465035
7 0.000000 333.987030 112.000000 2.614643 303.318160 94.475767
8 333.987030 333.987030 112.000000 336.601138 303.575388 95.015823

(All distances are in millimeters.)
----------------------------------------------------------------------
