----------------------------------------------------------------------
Transformation Parameters

Patient number: 005
From: pet
To: mr_PD_rectified

Point      x          y          z        new_x       new_y       new_z

1 0.000000 0.000000 0.000000 50.993345 25.061198 1.293037
2 246.766339 0.000000 0.000000 297.754392 25.276491 2.894786
3 0.000000 246.766339 0.000000 50.777918 271.827443 1.313025
4 246.766339 246.766339 0.000000 297.538965 272.042735 2.914774
5 0.000000 0.000000 112.000000 50.266366 25.051492 113.290678
6 246.766339 0.000000 112.000000 297.027413 25.266785 114.892427
7 0.000000 246.766339 112.000000 50.050939 271.817736 113.310666
8 246.766339 246.766339 112.000000 296.811986 272.033029 114.912415

(All distances are in millimeters.)
----------------------------------------------------------------------
