----------------------------------------------------------------------
Transformation Parameters

Patient number: 001
From: pet
To: mr_PD

Point      x          y          z        new_x       new_y       new_z

1 0.000000 0.000000 0.000000 5.350834 -11.617145 2.205017
2 329.021826 0.000000 0.000000 334.372470 -11.677462 2.553122
3 0.000000 329.021826 0.000000 5.410386 317.403884 2.926891
4 329.021826 329.021826 0.000000 334.432023 317.343567 3.274995
5 0.000000 0.000000 112.000000 5.232293 -11.862851 114.204685
6 329.021826 0.000000 112.000000 334.253929 -11.923168 114.552789
7 0.000000 329.021826 112.000000 5.291846 317.158177 114.926558
8 329.021826 329.021826 112.000000 334.313482 317.097861 115.274663

(All distances are in millimeters.)
----------------------------------------------------------------------
