----------------------------------------------------------------------
Transformation Parameters

Patient number: 006
From: ct
To: mr_T1

Point      x          y          z        new_x       new_y       new_z

1 0.000000 0.000000 0.000000 -7.978256 -29.940196 -22.239271
2 333.987030 0.000000 0.000000 326.008681 -30.011319 -22.477738
3 0.000000 333.987030 0.000000 -7.907117 304.046826 -22.216560
4 333.987030 333.987030 0.000000 326.079820 303.975703 -22.455027
5 0.000000 0.000000 116.000000 -7.895434 -29.948101 93.760699
6 333.987030 0.000000 116.000000 326.091503 -30.019224 93.522232
7 0.000000 333.987030 116.000000 -7.824295 304.038921 93.783410
8 333.987030 333.987030 116.000000 326.162642 303.967798 93.544943

(All distances are in millimeters.)
----------------------------------------------------------------------
