----------------------------------------------------------------------
Transformation Parameters

Patient number: 006
From: pet
To: mr_T1

Point      x          y          z        new_x       new_y       new_z

1 0.000000 0.000000 0.000000 4.992474 -5.361683 -0.168065
2 329.021826 0.000000 0.000000 334.014196 -5.619609 -0.205244
3 0.000000 329.021826 0.000000 5.250427 323.659951 0.076070
4 329.021826 329.021826 0.000000 334.272149 323.402025 0.038890
5 0.000000 0.000000 112.000000 5.005065 -5.444797 111.831904
6 329.021826 0.000000 112.000000 334.026787 -5.702723 111.794724
7 0.000000 329.021826 112.000000 5.263018 323.576837 112.076038
8 329.021826 329.021826 112.000000 334.284740 323.318911 112.038859

(All distances are in millimeters.)
----------------------------------------------------------------------
