----------------------------------------------------------------------
Transformation Parameters

Patient number: 002
From: pet
To: mr_T2

Point      x          y          z        new_x       new_y       new_z

1 0.000000 0.000000 0.000000 4.688545 3.156886 -10.427591
2 329.021826 0.000000 0.000000 333.709357 3.263118 -9.617541
3 0.000000 329.021826 0.000000 4.580955 332.178232 -9.876150
4 329.021826 329.021826 0.000000 333.601767 332.284464 -9.066101
5 0.000000 0.000000 112.000000 4.412863 2.969084 101.571913
6 329.021826 0.000000 112.000000 333.433674 3.075316 102.381962
7 0.000000 329.021826 112.000000 4.305273 331.990430 102.123353
8 329.021826 329.021826 112.000000 333.326084 332.096662 102.933403

(All distances are in millimeters.)
----------------------------------------------------------------------
