----------------------------------------------------------------------
Transformation Parameters

Patient number: 001
From: pet
To: mr_T2

Point      x          y          z        new_x       new_y       new_z

1 0.000000 0.000000 0.000000 6.660464 -15.116899 4.948136
2 329.021826 0.000000 0.000000 335.680314 -14.924566 6.072068
3 0.000000 329.021826 0.000000 6.464697 313.903333 5.953297
4 329.021826 329.021826 0.000000 335.484547 314.095666 7.077228
5 0.000000 0.000000 112.000000 6.278077 -15.459284 116.946960
6 329.021826 0.000000 112.000000 335.297927 -15.266951 118.070891
7 0.000000 329.021826 112.000000 6.082310 313.560948 117.952120
8 329.021826 329.021826 112.000000 335.102160 313.753281 119.076052

(All distances are in millimeters.)
----------------------------------------------------------------------
