----------------------------------------------------------------------
Transformation Parameters

Patient number: 005
From: ct
To: mr_T1

Point      x          y          z        new_x       new_y       new_z

1 0.000000 0.000000 0.000000 -5.476166 -31.537340 -18.018354
2 333.987030 0.000000 0.000000 328.510565 -31.848247 -17.697393
3 0.000000 333.987030 0.000000 -5.165558 302.449400 -17.707078
4 333.987030 333.987030 0.000000 328.821173 302.138494 -17.386117
5 0.000000 0.000000 128.000000 -5.599285 -31.656522 109.981531
6 333.987030 0.000000 128.000000 328.387446 -31.967428 110.302492
7 0.000000 333.987030 128.000000 -5.288677 302.330219 110.292807
8 333.987030 333.987030 128.000000 328.698054 302.019312 110.613768

(All distances are in millimeters.)
----------------------------------------------------------------------
