----------------------------------------------------------------------
Transformation Parameters

Patient number: 009
From: pet
To: mr_PD

Point      x          y          z        new_x       new_y       new_z

1 0.000000 0.000000 0.000000 5.232419 -3.929369 -21.907377
2 329.021826 0.000000 0.000000 334.253936 -3.574666 -22.185070
3 0.000000 329.021826 0.000000 4.878392 325.091292 -21.106538
4 329.021826 329.021826 0.000000 333.899910 325.445995 -21.384232
5 0.000000 0.000000 112.000000 5.327240 -4.201875 90.092252
6 329.021826 0.000000 112.000000 334.348757 -3.847172 89.814558
7 0.000000 329.021826 112.000000 4.973214 324.818786 90.893090
8 329.021826 329.021826 112.000000 333.994731 325.173489 90.615397

(All distances are in millimeters.)
----------------------------------------------------------------------
