----------------------------------------------------------------------
Transformation Parameters

Patient number: 006
From: pet
To: mr_T2

Point      x          y          z        new_x       new_y       new_z

1 0.000000 0.000000 0.000000 4.507143 2.964106 -1.237962
2 329.021826 0.000000 0.000000 333.528553 2.490769 -1.460052
3 0.000000 329.021826 0.000000 4.980605 331.985540 -1.053381
4 329.021826 329.021826 0.000000 334.002015 331.512202 -1.275471
5 0.000000 0.000000 112.000000 4.582652 2.901166 110.761995
6 329.021826 0.000000 112.000000 333.604063 2.427828 110.539905
7 0.000000 329.021826 112.000000 5.056115 331.922599 110.946576
8 329.021826 329.021826 112.000000 334.077525 331.449261 110.724486

(All distances are in millimeters.)
----------------------------------------------------------------------
