----------------------------------------------------------------------
Transformation Parameters

Patient number: 006
From: ct
To: mr_T2_rectified

Point      x          y          z        new_x       new_y       new_z

1 0.000000 0.000000 0.000000 -6.328500 -31.145063 -21.640089
2 333.987030 0.000000 0.000000 327.657621 -31.049180 -22.413602
3 0.000000 333.987030 0.000000 -6.424354 302.841953 -21.627731
4 333.987030 333.987030 0.000000 327.561767 302.937836 -22.401244
5 0.000000 0.000000 116.000000 -6.059843 -31.149278 94.359600
6 333.987030 0.000000 116.000000 327.926278 -31.053395 93.586087
7 0.000000 333.987030 116.000000 -6.155697 302.837738 94.371958
8 333.987030 333.987030 116.000000 327.830424 302.933621 93.598445

(All distances are in millimeters.)
----------------------------------------------------------------------
