----------------------------------------------------------------------
Transformation Parameters

Patient number: 002
From: pet
To: mr_T1_rectified

Point      x          y          z        new_x       new_y       new_z

1 0.000000 0.000000 0.000000 6.345590 9.640935 -10.467171
2 329.021826 0.000000 0.000000 335.367268 9.618784 -10.156245
3 0.000000 329.021826 0.000000 6.367964 338.662677 -10.702092
4 329.021826 329.021826 0.000000 335.389642 338.640525 -10.391167
5 0.000000 0.000000 112.000000 6.239756 9.720911 101.532751
6 329.021826 0.000000 112.000000 335.261434 9.698759 101.843676
7 0.000000 329.021826 112.000000 6.262129 338.742652 101.297829
8 329.021826 329.021826 112.000000 335.283807 338.720500 101.608755

(All distances are in millimeters.)
----------------------------------------------------------------------
