----------------------------------------------------------------------
Transformation Parameters

Patient number: 007
From: pet
To: mr_PD_rectified

Point      x          y          z        new_x       new_y       new_z

1 0.000000 0.000000 0.000000 8.388440 -1.158660 7.382354
2 329.021826 0.000000 0.000000 337.409182 -1.078882 6.541706
3 0.000000 329.021826 0.000000 8.306842 327.862386 6.670352
4 329.021826 329.021826 0.000000 337.327585 327.942164 5.829704
5 0.000000 0.000000 112.000000 8.674539 -0.916222 119.381726
6 329.021826 0.000000 112.000000 337.695281 -0.836444 118.541078
7 0.000000 329.021826 112.000000 8.592942 328.104824 118.669724
8 329.021826 329.021826 112.000000 337.613684 328.184602 117.829076

(All distances are in millimeters.)
----------------------------------------------------------------------
