----------------------------------------------------------------------
Transformation Parameters

Patient number: 001
From: pet
To: mr_PD_rectified

Point      x          y          z        new_x       new_y       new_z

1 0.000000 0.000000 0.000000 7.603534 -11.323273 4.103716
2 329.021826 0.000000 0.000000 336.624966 -11.802836 4.275794
3 0.000000 329.021826 0.000000 8.083248 317.698079 3.817138
4 329.021826 329.021826 0.000000 337.104679 317.218515 3.989216
5 0.000000 0.000000 112.000000 7.545101 -11.225635 116.103658
6 329.021826 0.000000 112.000000 336.566532 -11.705199 116.275736
7 0.000000 329.021826 112.000000 8.024814 317.795716 115.817080
8 329.021826 329.021826 112.000000 337.046245 317.316152 115.989158

(All distances are in millimeters.)
----------------------------------------------------------------------
