----------------------------------------------------------------------
Transformation Parameters

Patient number: 002
From: pet
To: mr_PD_rectified

Point      x          y          z        new_x       new_y       new_z

1 0.000000 0.000000 0.000000 8.425248 2.294058 -6.593203
2 329.021826 0.000000 0.000000 337.446571 2.835642 -6.399080
3 0.000000 329.021826 0.000000 7.883350 331.315006 -6.060188
4 329.021826 329.021826 0.000000 336.904673 331.856590 -5.866065
5 0.000000 0.000000 112.000000 8.359467 2.112510 105.406631
6 329.021826 0.000000 112.000000 337.380790 2.654094 105.600754
7 0.000000 329.021826 112.000000 7.817569 331.133457 105.939646
8 329.021826 329.021826 112.000000 336.838892 331.675042 106.133769

(All distances are in millimeters.)
----------------------------------------------------------------------
