----------------------------------------------------------------------
Transformation Parameters

Patient number: 005
From: ct
To: mr_T2

Point      x          y          z        new_x       new_y       new_z

1 0.000000 0.000000 0.000000 -5.511387 -31.187123 -18.152681
2 333.987030 0.000000 0.000000 328.475134 -31.018465 -17.594254
3 0.000000 333.987030 0.000000 -5.680050 302.799865 -18.149675
4 333.987030 333.987030 0.000000 328.306470 302.968523 -17.591249
5 0.000000 0.000000 128.000000 -5.725402 -31.188383 109.847141
6 333.987030 0.000000 128.000000 328.261118 -31.019725 110.405567
7 0.000000 333.987030 128.000000 -5.894066 302.798605 109.850146
8 333.987030 333.987030 128.000000 328.092455 302.967263 110.408573

(All distances are in millimeters.)
----------------------------------------------------------------------
