----------------------------------------------------------------------
Transformation Parameters

Patient number: 004
From: ct
To: mr_PD_rectified

Point      x          y          z        new_x       new_y       new_z

1 0.000000 0.000000 0.000000 0.933152 -30.984246 -33.890495
2 333.987030 0.000000 0.000000 334.920075 -30.717008 -33.909866
3 0.000000 333.987030 0.000000 0.665963 303.001631 -33.054526
4 333.987030 333.987030 0.000000 334.652886 303.268869 -33.073897
5 0.000000 0.000000 104.000000 0.939392 -31.244553 70.109179
6 333.987030 0.000000 104.000000 334.926315 -30.977315 70.089808
7 0.000000 333.987030 104.000000 0.672203 302.741324 70.945148
8 333.987030 333.987030 104.000000 334.659126 303.008562 70.925777

(All distances are in millimeters.)
----------------------------------------------------------------------
