----------------------------------------------------------------------
Transformation Parameters

Patient number: 005
From: ct
To: mr_PD_rectified

Point      x          y          z        new_x       new_y       new_z

1 0.000000 0.000000 0.000000 -6.252504 -33.075637 -17.587024
2 333.987030 0.000000 0.000000 327.730475 -33.710932 -19.104314
3 0.000000 333.987030 0.000000 -5.612255 300.909001 -16.497226
4 333.987030 333.987030 0.000000 328.370724 300.273706 -18.014516
5 0.000000 0.000000 128.000000 -5.671804 -33.494410 110.410974
6 333.987030 0.000000 128.000000 328.311175 -34.129705 108.893684
7 0.000000 333.987030 128.000000 -5.031555 300.490228 111.500772
8 333.987030 333.987030 128.000000 328.951424 299.854933 109.983482

(All distances are in millimeters.)
----------------------------------------------------------------------
