----------------------------------------------------------------------
Transformation Parameters

Patient number: 002
From: ct
To: mr_T1

Point      x          y          z        new_x       new_y       new_z

1 0.000000 0.000000 0.000000 0.960588 -25.404323 -17.606908
2 333.987030 0.000000 0.000000 334.947470 -25.098055 -17.679049
3 0.000000 333.987030 0.000000 0.654322 308.582567 -17.600228
4 333.987030 333.987030 0.000000 334.641204 308.888834 -17.672369
5 0.000000 0.000000 112.000000 0.984782 -25.406540 94.393089
6 333.987030 0.000000 112.000000 334.971664 -25.100273 94.320948
7 0.000000 333.987030 112.000000 0.678516 308.580349 94.399769
8 333.987030 333.987030 112.000000 334.665398 308.886617 94.327628

(All distances are in millimeters.)
----------------------------------------------------------------------
