----------------------------------------------------------------------
Transformation Parameters

Patient number: 007
From: ct
To: mr_T2

Point      x          y          z        new_x       new_y       new_z

1 0.000000 0.000000 0.000000 -5.749708 -21.789536 -9.066991
2 333.987030 0.000000 0.000000 328.237251 -21.826797 -8.852905
3 0.000000 333.987030 0.000000 -5.712301 312.197415 -9.294102
4 333.987030 333.987030 0.000000 328.274658 312.160154 -9.080016
5 0.000000 0.000000 108.000000 -5.818928 -21.716088 98.932962
6 333.987030 0.000000 108.000000 328.168032 -21.753349 99.147048
7 0.000000 333.987030 108.000000 -5.781521 312.270863 98.705851
8 333.987030 333.987030 108.000000 328.205438 312.233602 98.919937

(All distances are in millimeters.)
----------------------------------------------------------------------
