----------------------------------------------------------------------
Transformation Parameters

Patient number: 001
From: pet
To: mr_T1

Point      x          y          z        new_x       new_y       new_z

1 0.000000 0.000000 0.000000 4.753395 -12.679597 -1.178940
2 329.021826 0.000000 0.000000 333.774783 -13.114617 -0.864726
3 0.000000 329.021826 0.000000 5.187372 316.340140 -0.089880
4 329.021826 329.021826 0.000000 334.208760 315.905121 0.224334
5 0.000000 0.000000 112.000000 4.645946 -13.050175 110.820396
6 329.021826 0.000000 112.000000 333.667334 -13.485194 111.134610
7 0.000000 329.021826 112.000000 5.079923 315.969562 111.909456
8 329.021826 329.021826 112.000000 334.101311 315.534543 112.223670

(All distances are in millimeters.)
----------------------------------------------------------------------
