----------------------------------------------------------------------
Transformation Parameters

Patient number: 001
From: ct
To: mr_PD_rectified

Point      x          y          z        new_x       new_y       new_z

1 0.000000 0.000000 0.000000 3.018001 -23.177879 -0.966253
2 333.987030 0.000000 0.000000 337.004658 -23.095024 -1.458548
3 0.000000 333.987030 0.000000 2.933837 310.807959 -1.854657
4 333.987030 333.987030 0.000000 336.920493 310.890814 -2.346952
5 0.000000 0.000000 108.000000 3.177121 -22.890560 107.033248
6 333.987030 0.000000 108.000000 337.163777 -22.807705 106.540953
7 0.000000 333.987030 108.000000 3.092956 311.095278 106.144844
8 333.987030 333.987030 108.000000 337.079613 311.178133 105.652549

(All distances are in millimeters.)
----------------------------------------------------------------------
