----------------------------------------------------------------------
Transformation Parameters

Patient number: 002
From: ct
To: mr_T1_rectified

Point      x          y          z        new_x       new_y       new_z

1 0.000000 0.000000 0.000000 2.585821 -26.777941 -16.160353
2 333.987030 0.000000 0.000000 336.571625 -26.564820 -17.039739
3 0.000000 333.987030 0.000000 2.373739 307.208789 -15.765580
4 333.987030 333.987030 0.000000 336.359544 307.421909 -16.644967
5 0.000000 0.000000 112.000000 2.880800 -26.910137 95.839181
6 333.987030 0.000000 112.000000 336.866605 -26.697017 94.959794
7 0.000000 333.987030 112.000000 2.668719 307.076592 96.233953
8 333.987030 333.987030 112.000000 336.654523 307.289713 95.354567

(All distances are in millimeters.)
----------------------------------------------------------------------
