----------------------------------------------------------------------
Transformation Parameters

Patient number: 006
From: pet
To: mr_PD

Point      x          y          z        new_x       new_y       new_z

1 0.000000 0.000000 0.000000 4.226455 0.583801 -1.370449
2 329.021826 0.000000 0.000000 333.247918 0.219420 -1.044389
3 0.000000 329.021826 0.000000 4.591340 329.605031 -1.879446
4 329.021826 329.021826 0.000000 333.612802 329.240650 -1.553386
5 0.000000 0.000000 112.000000 4.115655 0.757188 110.629362
6 329.021826 0.000000 112.000000 333.137118 0.392807 110.955422
7 0.000000 329.021826 112.000000 4.480540 329.778417 110.120365
8 329.021826 329.021826 112.000000 333.502003 329.414037 110.446425

(All distances are in millimeters.)
----------------------------------------------------------------------
