----------------------------------------------------------------------
Transformation Parameters

Patient number: 005
From: ct
To: mr_T2_rectified

Point      x          y          z        new_x       new_y       new_z

1 0.000000 0.000000 0.000000 -5.573797 -33.274287 -16.891585
2 333.987030 0.000000 0.000000 328.413219 -33.336787 -16.964394
3 0.000000 333.987030 0.000000 -5.511342 300.712676 -17.092979
4 333.987030 333.987030 0.000000 328.475675 300.650177 -17.165789
5 0.000000 0.000000 128.000000 -5.545879 -33.197109 111.108389
6 333.987030 0.000000 128.000000 328.441138 -33.259608 111.035579
7 0.000000 333.987030 128.000000 -5.483423 300.789855 110.906994
8 333.987030 333.987030 128.000000 328.503593 300.727355 110.834185

(All distances are in millimeters.)
----------------------------------------------------------------------
