----------------------------------------------------------------------
Transformation Parameters

Patient number: 006
From: pet
To: mr_T1

Point      x          y          z        new_x       new_y       new_z

1 0.000000 0.000000 0.000000 4.795140 2.200889 -11.775777
2 329.021826 0.000000 0.000000 333.816955 2.167331 -11.700102
3 0.000000 329.021826 0.000000 4.828700 331.222713 -11.785647
4 329.021826 329.021826 0.000000 333.850516 331.189155 -11.709972
5 0.000000 0.000000 112.000000 4.769380 2.204251 100.224220
6 329.021826 0.000000 112.000000 333.791196 2.170693 100.299895
7 0.000000 329.021826 112.000000 4.802940 331.226075 100.214350
8 329.021826 329.021826 112.000000 333.824756 331.192517 100.290025

(All distances are in millimeters.)
----------------------------------------------------------------------
