----------------------------------------------------------------------
Transformation Parameters

Patient number: 004
From: ct
To: mr_T2_rectified

Point      x          y          z        new_x       new_y       new_z

1 0.000000 0.000000 0.000000 1.139953 -30.628251 -36.904121
2 333.987030 0.000000 0.000000 335.126902 -30.679354 -37.130898
3 0.000000 333.987030 0.000000 1.191053 303.358775 -36.909130
4 333.987030 333.987030 0.000000 335.178002 303.307672 -37.135907
5 0.000000 0.000000 104.000000 1.210570 -30.626702 67.095855
6 333.987030 0.000000 104.000000 335.197519 -30.677805 66.869078
7 0.000000 333.987030 104.000000 1.261670 303.360324 67.090846
8 333.987030 333.987030 104.000000 335.248619 303.309221 66.864069

(All distances are in millimeters.)
----------------------------------------------------------------------
