----------------------------------------------------------------------
Transformation Parameters

Patient number: 007
From: pet
To: mr_T1

Point      x          y          z        new_x       new_y       new_z

1 0.000000 0.000000 0.000000 6.404500 -3.623164 -3.400807
2 329.021826 0.000000 0.000000 335.426326 -3.637639 -3.409362
3 0.000000 329.021826 0.000000 6.418977 325.398652 -3.322171
4 329.021826 329.021826 0.000000 335.440803 325.384178 -3.330726
5 0.000000 0.000000 112.000000 6.407411 -3.649932 108.599190
6 329.021826 0.000000 112.000000 335.429237 -3.664407 108.590635
7 0.000000 329.021826 112.000000 6.421888 325.371884 108.677826
8 329.021826 329.021826 112.000000 335.443713 325.357409 108.669271

(All distances are in millimeters.)
----------------------------------------------------------------------
