----------------------------------------------------------------------
Transformation Parameters

Patient number: 001
From: pet
To: mr_T1

Point      x          y          z        new_x       new_y       new_z

1 0.000000 0.000000 0.000000 4.969701 -13.417520 1.330841
2 329.021826 0.000000 0.000000 333.991510 -13.415878 1.435799
3 0.000000 329.021826 0.000000 4.968056 315.604306 1.339067
4 329.021826 329.021826 0.000000 333.989865 315.605948 1.444025
5 0.000000 0.000000 112.000000 4.933973 -13.420320 113.330835
6 329.021826 0.000000 112.000000 333.955782 -13.418678 113.435793
7 0.000000 329.021826 112.000000 4.932328 315.601505 113.339061
8 329.021826 329.021826 112.000000 333.954137 315.603148 113.444019

(All distances are in millimeters.)
----------------------------------------------------------------------
