----------------------------------------------------------------------
Transformation Parameters

Patient number: 006
From: pet
To: mr_T2

Point      x          y          z        new_x       new_y       new_z

1 0.000000 0.000000 0.000000 5.310401 -1.031504 -9.704845
2 329.021826 0.000000 0.000000 334.332221 -0.985444 -9.667008
3 0.000000 329.021826 0.000000 5.264337 327.990318 -9.676549
4 329.021826 329.021826 0.000000 334.286158 328.036377 -9.638712
5 0.000000 0.000000 112.000000 5.297522 -1.041138 102.295154
6 329.021826 0.000000 112.000000 334.319342 -0.995078 102.332991
7 0.000000 329.021826 112.000000 5.251459 327.980684 102.323450
8 329.021826 329.021826 112.000000 334.273279 328.026744 102.361287

(All distances are in millimeters.)
----------------------------------------------------------------------
