----------------------------------------------------------------------
Transformation Parameters

Patient number: 005
From: pet
To: mr_PD

Point      x          y          z        new_x       new_y       new_z

1 0.000000 0.000000 0.000000 49.994638 25.718323 -2.246009
2 246.766339 0.000000 0.000000 296.760974 25.748685 -2.219112
3 0.000000 246.766339 0.000000 49.964286 272.484641 -2.342001
4 246.766339 246.766339 0.000000 296.730622 272.515004 -2.315104
5 0.000000 0.000000 112.000000 49.982425 25.761889 109.753982
6 246.766339 0.000000 112.000000 296.748761 25.792252 109.780879
7 0.000000 246.766339 112.000000 49.952073 272.528208 109.657990
8 246.766339 246.766339 112.000000 296.718409 272.558570 109.684887

(All distances are in millimeters.)
----------------------------------------------------------------------
