----------------------------------------------------------------------
Transformation Parameters

Patient number: 007
From: ct
To: mr_PD

Point      x          y          z        new_x       new_y       new_z

1 0.000000 0.000000 0.000000 -5.924167 -21.492772 -6.703165
2 333.987030 0.000000 0.000000 328.062860 -21.514824 -6.662085
3 0.000000 333.987030 0.000000 -5.902124 312.494249 -6.631024
4 333.987030 333.987030 0.000000 328.084903 312.472197 -6.589944
5 0.000000 0.000000 108.000000 -5.937453 -21.516099 101.296832
6 333.987030 0.000000 108.000000 328.049574 -21.538151 101.337912
7 0.000000 333.987030 108.000000 -5.915410 312.470922 101.368973
8 333.987030 333.987030 108.000000 328.071617 312.448870 101.410053

(All distances are in millimeters.)
----------------------------------------------------------------------
