----------------------------------------------------------------------
Transformation Parameters

Patient number: 004
From: ct
To: mr_PD_rectified

Point      x          y          z        new_x       new_y       new_z

1 0.000000 0.000000 0.000000 0.509013 -30.642285 -33.763392
2 333.987030 0.000000 0.000000 334.496043 -30.643291 -33.781762
3 0.000000 333.987030 0.000000 0.510015 303.344737 -33.836870
4 333.987030 333.987030 0.000000 334.497045 303.343731 -33.855239
5 0.000000 0.000000 104.000000 0.514733 -30.619405 70.236605
6 333.987030 0.000000 104.000000 334.501763 -30.620411 70.218236
7 0.000000 333.987030 104.000000 0.515735 303.367617 70.163128
8 333.987030 333.987030 104.000000 334.502765 303.366611 70.144758

(All distances are in millimeters.)
----------------------------------------------------------------------
