----------------------------------------------------------------------
Transformation Parameters

Patient number: 007
From: ct
To: mr_PD_rectified

Point      x          y          z        new_x       new_y       new_z

1 0.000000 0.000000 0.000000 -3.735989 -22.059332 -6.077862
2 333.987030 0.000000 0.000000 330.251035 -22.107775 -6.038786
3 0.000000 333.987030 0.000000 -3.687561 311.927673 -5.958629
4 333.987030 333.987030 0.000000 330.299463 311.879231 -5.919552
5 0.000000 0.000000 108.000000 -3.748631 -22.097887 101.922130
6 333.987030 0.000000 108.000000 330.238393 -22.146329 101.961207
7 0.000000 333.987030 108.000000 -3.700203 311.889119 102.041364
8 333.987030 333.987030 108.000000 330.286821 311.840677 102.080440

(All distances are in millimeters.)
----------------------------------------------------------------------
