----------------------------------------------------------------------
Transformation Parameters

Patient number: 002
From: pet
To: mr_T2_rectified

Point      x          y          z        new_x       new_y       new_z

1 0.000000 0.000000 0.000000 6.771929 6.508129 -12.489555
2 329.021826 0.000000 0.000000 335.793731 6.516012 -12.366830
3 0.000000 329.021826 0.000000 6.764032 335.529953 -12.453034
4 329.021826 329.021826 0.000000 335.785835 335.537836 -12.330308
5 0.000000 0.000000 112.000000 6.730153 6.495696 99.510436
6 329.021826 0.000000 112.000000 335.751956 6.503579 99.633162
7 0.000000 329.021826 112.000000 6.722256 335.517520 99.546958
8 329.021826 329.021826 112.000000 335.744059 335.525403 99.669683

(All distances are in millimeters.)
----------------------------------------------------------------------
