----------------------------------------------------------------------
Transformation Parameters

Patient number: 002
From: pet
To: mr_T1

Point      x          y          z        new_x       new_y       new_z

1 0.000000 0.000000 0.000000 4.359281 11.557127 -12.988487
2 329.021826 0.000000 0.000000 333.381101 11.586093 -12.936831
3 0.000000 329.021826 0.000000 4.330327 340.578942 -13.067453
4 329.021826 329.021826 0.000000 333.352147 340.607908 -13.015796
5 0.000000 0.000000 112.000000 4.341694 11.584005 99.011508
6 329.021826 0.000000 112.000000 333.363515 11.612972 99.063165
7 0.000000 329.021826 112.000000 4.312741 340.605820 98.932543
8 329.021826 329.021826 112.000000 333.334561 340.634787 98.984199

(All distances are in millimeters.)
----------------------------------------------------------------------
