----------------------------------------------------------------------
Transformation Parameters

Patient number: 001
From: pet
To: mr_PD

Point      x          y          z        new_x       new_y       new_z

1 0.000000 0.000000 0.000000 5.325202 -12.660203 2.106021
2 329.021826 0.000000 0.000000 334.347011 -12.670072 2.211308
3 0.000000 329.021826 0.000000 5.335073 316.361622 2.099770
4 329.021826 329.021826 0.000000 334.356882 316.351754 2.205057
5 0.000000 0.000000 112.000000 5.289362 -12.658074 114.106015
6 329.021826 0.000000 112.000000 334.311171 -12.667943 114.211302
7 0.000000 329.021826 112.000000 5.299233 316.363752 114.099764
8 329.021826 329.021826 112.000000 334.321042 316.353883 114.205051

(All distances are in millimeters.)
----------------------------------------------------------------------
