----------------------------------------------------------------------
Transformation Parameters

Patient number: 002
From: pet
To: mr_PD_rectified

Point      x          y          z        new_x       new_y       new_z

1 0.000000 0.000000 0.000000 5.847858 5.731981 -11.915591
2 329.021826 0.000000 0.000000 334.869653 5.719155 -11.773783
3 0.000000 329.021826 0.000000 5.860690 334.753807 -11.928423
4 329.021826 329.021826 0.000000 334.882485 334.740980 -11.786614
5 0.000000 0.000000 112.000000 5.799587 5.736351 100.084398
6 329.021826 0.000000 112.000000 334.821382 5.723525 100.226207
7 0.000000 329.021826 112.000000 5.812418 334.758177 100.071567
8 329.021826 329.021826 112.000000 334.834213 334.745350 100.213375

(All distances are in millimeters.)
----------------------------------------------------------------------
