----------------------------------------------------------------------
Transformation Parameters

Patient number: 006
From: ct
To: mr_T2

Point      x          y          z        new_x       new_y       new_z

1 0.000000 0.000000 0.000000 -8.189920 -32.439675 -14.356024
2 333.987030 0.000000 0.000000 325.797091 -32.415929 -14.467241
3 0.000000 333.987030 0.000000 -8.213633 301.547340 -14.258833
4 333.987030 333.987030 0.000000 325.773378 301.571086 -14.370051
5 0.000000 0.000000 116.000000 -8.151290 -32.473428 101.643965
6 333.987030 0.000000 116.000000 325.835721 -32.449682 101.532747
7 0.000000 333.987030 116.000000 -8.175003 301.513587 101.741155
8 333.987030 333.987030 116.000000 325.812008 301.537333 101.629938

(All distances are in millimeters.)
----------------------------------------------------------------------
