----------------------------------------------------------------------
Transformation Parameters

Patient number: 005
From: ct
To: mr_PD

Point      x          y          z        new_x       new_y       new_z

1 0.000000 0.000000 0.000000 -6.140852 -31.543243 -18.288553
2 333.987030 0.000000 0.000000 327.846171 -31.521547 -18.226097
3 0.000000 333.987030 0.000000 -6.162561 302.443779 -18.217414
4 333.987030 333.987030 0.000000 327.824462 302.465475 -18.154958
5 0.000000 0.000000 128.000000 -6.164786 -31.570509 109.711442
6 333.987030 0.000000 128.000000 327.822237 -31.548813 109.773898
7 0.000000 333.987030 128.000000 -6.186495 302.416513 109.782581
8 333.987030 333.987030 128.000000 327.800528 302.438209 109.845037

(All distances are in millimeters.)
----------------------------------------------------------------------
