----------------------------------------------------------------------
Transformation Parameters

Patient number: 005
From: pet
To: mr_T2

Point      x          y          z        new_x       new_y       new_z

1 0.000000 0.000000 0.000000 50.085453 26.551805 -2.178944
2 246.766339 0.000000 0.000000 296.851724 26.577167 -1.997324
3 0.000000 246.766339 0.000000 50.060036 273.318131 -2.104174
4 246.766339 246.766339 0.000000 296.826307 273.343493 -1.922554
5 0.000000 0.000000 112.000000 50.003024 26.517860 109.821020
6 246.766339 0.000000 112.000000 296.769295 26.543222 110.002640
7 0.000000 246.766339 112.000000 49.977607 273.284187 109.895790
8 246.766339 246.766339 112.000000 296.743878 273.309548 110.077410

(All distances are in millimeters.)
----------------------------------------------------------------------
