----------------------------------------------------------------------
Transformation Parameters

Patient number: 003
From: ct
To: mr_T2_rectified

Point      x          y          z        new_x       new_y       new_z

1 0.000000 0.000000 0.000000 0.085672 -31.364454 -34.202954
2 333.987030 0.000000 0.000000 334.072656 -31.517060 -34.292128
3 0.000000 333.987030 0.000000 0.238304 302.622526 -34.104093
4 333.987030 333.987030 0.000000 334.225288 302.469920 -34.193268
5 0.000000 0.000000 132.000000 0.120898 -31.403542 97.797036
6 333.987030 0.000000 132.000000 334.107882 -31.556148 97.707861
7 0.000000 333.987030 132.000000 0.273530 302.583438 97.895896
8 333.987030 333.987030 132.000000 334.260514 302.430832 97.806722

(All distances are in millimeters.)
----------------------------------------------------------------------
