----------------------------------------------------------------------
Transformation Parameters

Patient number: 001
From: ct
To: mr_T2_rectified

Point      x          y          z        new_x       new_y       new_z

1 0.000000 0.000000 0.000000 2.519448 -22.490427 -0.730884
2 333.987030 0.000000 0.000000 336.506468 -22.530512 -0.799351
3 0.000000 333.987030 0.000000 2.559526 311.496599 -0.762612
4 333.987030 333.987030 0.000000 336.546547 311.456514 -0.831080
5 0.000000 0.000000 108.000000 2.541589 -22.480170 107.269114
6 333.987030 0.000000 108.000000 336.528610 -22.520255 107.200646
7 0.000000 333.987030 108.000000 2.581668 311.506856 107.237385
8 333.987030 333.987030 108.000000 336.568688 311.466771 107.168918

(All distances are in millimeters.)
----------------------------------------------------------------------
