----------------------------------------------------------------------
Transformation Parameters

Patient number: 001
From: ct
To: mr_T1

Point      x          y          z        new_x       new_y       new_z

1 0.000000 0.000000 0.000000 0.174381 -23.051933 -5.692193
2 333.987030 0.000000 0.000000 334.161395 -23.085664 -5.789718
3 0.000000 333.987030 0.000000 0.208113 310.935095 -5.686850
4 333.987030 333.987030 0.000000 334.195127 310.901364 -5.784374
5 0.000000 0.000000 108.000000 0.205917 -23.053664 102.307802
6 333.987030 0.000000 108.000000 334.192931 -23.087395 102.210278
7 0.000000 333.987030 108.000000 0.239649 310.933364 102.313146
8 333.987030 333.987030 108.000000 334.226663 310.899633 102.215621

(All distances are in millimeters.)
----------------------------------------------------------------------
