----------------------------------------------------------------------
Transformation Parameters

Patient number: 005
From: pet
To: mr_T1

Point      x          y          z        new_x       new_y       new_z

1 0.000000 0.000000 0.000000 50.302105 26.075876 -2.577398
2 246.766339 0.000000 0.000000 297.068417 26.191605 -2.565553
3 0.000000 246.766339 0.000000 50.186372 272.842165 -2.470548
4 246.766339 246.766339 0.000000 296.952683 272.957893 -2.458703
5 0.000000 0.000000 112.000000 50.296752 26.027378 109.422591
6 246.766339 0.000000 112.000000 297.063063 26.143106 109.434436
7 0.000000 246.766339 112.000000 50.181018 272.793667 109.529441
8 246.766339 246.766339 112.000000 296.947330 272.909395 109.541286

(All distances are in millimeters.)
----------------------------------------------------------------------
