----------------------------------------------------------------------
Transformation Parameters

Patient number: 003
From: ct
To: mr_T2

Point      x          y          z        new_x       new_y       new_z

1 0.000000 0.000000 0.000000 -0.711772 -31.065184 -34.485844
2 333.987030 0.000000 0.000000 333.275211 -31.132971 -34.650499
3 0.000000 333.987030 0.000000 -0.643973 302.921839 -34.461796
4 333.987030 333.987030 0.000000 333.343010 302.854051 -34.626452
5 0.000000 0.000000 132.000000 -0.646698 -31.074701 97.514140
6 333.987030 0.000000 132.000000 333.340285 -31.142488 97.349484
7 0.000000 333.987030 132.000000 -0.578899 302.912321 97.538187
8 333.987030 333.987030 132.000000 333.408084 302.844534 97.373532

(All distances are in millimeters.)
----------------------------------------------------------------------
