----------------------------------------------------------------------
Transformation Parameters

Patient number: 004
From: ct
To: mr_PD

Point      x          y          z        new_x       new_y       new_z

1 0.000000 0.000000 0.000000 -0.063033 -28.837915 -34.394688
2 333.987030 0.000000 0.000000 333.923976 -28.892023 -34.499893
3 0.000000 333.987030 0.000000 -0.008927 305.149110 -34.401367
4 333.987030 333.987030 0.000000 333.978082 305.095002 -34.506573
5 0.000000 0.000000 104.000000 -0.030272 -28.835840 69.605307
6 333.987030 0.000000 104.000000 333.956737 -28.889948 69.500101
7 0.000000 333.987030 104.000000 0.023834 305.151185 69.598627
8 333.987030 333.987030 104.000000 334.010843 305.097077 69.493422

(All distances are in millimeters.)
----------------------------------------------------------------------
