----------------------------------------------------------------------
Transformation Parameters

Patient number: 006
From: ct
To: mr_T2_rectified

Point      x          y          z        new_x       new_y       new_z

1 0.000000 0.000000 0.000000 -6.212121 -30.940499 -21.776670
2 333.987030 0.000000 0.000000 327.774897 -30.891042 -21.849479
3 0.000000 333.987030 0.000000 -6.261551 303.046505 -21.653762
4 333.987030 333.987030 0.000000 327.725467 303.095961 -21.726572
5 0.000000 0.000000 116.000000 -6.186827 -30.983183 94.223320
6 333.987030 0.000000 116.000000 327.800191 -30.933727 94.150510
7 0.000000 333.987030 116.000000 -6.236257 303.003820 94.346227
8 333.987030 333.987030 116.000000 327.750761 303.053277 94.273418

(All distances are in millimeters.)
----------------------------------------------------------------------
