----------------------------------------------------------------------
Transformation Parameters

Patient number: 007
From: pet
To: mr_T1_rectified

Point      x          y          z        new_x       new_y       new_z

1 0.000000 0.000000 0.000000 8.441344 -1.998202 -1.997257
2 329.021826 0.000000 0.000000 337.463164 -1.940622 -1.990018
3 0.000000 329.021826 0.000000 8.383765 327.023618 -2.019959
4 329.021826 329.021826 0.000000 337.405585 327.081198 -2.012721
5 0.000000 0.000000 112.000000 8.438878 -1.990474 110.002743
6 329.021826 0.000000 112.000000 337.460699 -1.932895 110.009981
7 0.000000 329.021826 112.000000 8.381299 327.031346 109.980040
8 329.021826 329.021826 112.000000 337.403120 327.088925 109.987279

(All distances are in millimeters.)
----------------------------------------------------------------------
