----------------------------------------------------------------------
Transformation Parameters

Patient number: 001
From: pet
To: mr_PD_rectified

Point      x          y          z        new_x       new_y       new_z

1 0.000000 0.000000 0.000000 7.467095 -12.258640 -2.551720
2 329.021826 0.000000 0.000000 336.488901 -12.262213 -2.435904
3 0.000000 329.021826 0.000000 7.470715 316.763160 -2.682342
4 329.021826 329.021826 0.000000 336.492520 316.759587 -2.566526
5 0.000000 0.000000 112.000000 7.427672 -12.214175 109.448264
6 329.021826 0.000000 112.000000 336.449477 -12.217748 109.564080
7 0.000000 329.021826 112.000000 7.431291 316.807625 109.317642
8 329.021826 329.021826 112.000000 336.453096 316.804051 109.433458

(All distances are in millimeters.)
----------------------------------------------------------------------
