----------------------------------------------------------------------
Transformation Parameters

Patient number: 001
From: pet
To: mr_T1_rectified

Point      x          y          z        new_x       new_y       new_z

1 0.000000 0.000000 0.000000 7.254587 -12.848722 -1.967790
2 329.021826 0.000000 0.000000 336.276385 -12.904685 -1.845394
3 0.000000 329.021826 0.000000 7.310521 316.173090 -1.890141
4 329.021826 329.021826 0.000000 336.332319 316.117127 -1.767745
5 0.000000 0.000000 112.000000 7.212919 -12.875147 110.032199
6 329.021826 0.000000 112.000000 336.234717 -12.931110 110.154595
7 0.000000 329.021826 112.000000 7.268852 316.146665 110.109848
8 329.021826 329.021826 112.000000 336.290651 316.090702 110.232244

(All distances are in millimeters.)
----------------------------------------------------------------------
