----------------------------------------------------------------------
Transformation Parameters

Patient number: 001
From: ct
To: mr_T2

Point      x          y          z        new_x       new_y       new_z

1 0.000000 0.000000 0.000000 0.486666 -22.974514 -6.204830
2 333.987030 0.000000 0.000000 334.473693 -22.982187 -6.253592
3 0.000000 333.987030 0.000000 0.494348 311.012512 -6.148720
4 333.987030 333.987030 0.000000 334.481374 311.004838 -6.197482
5 0.000000 0.000000 108.000000 0.502434 -22.992658 101.795168
6 333.987030 0.000000 108.000000 334.489460 -23.000332 101.746406
7 0.000000 333.987030 108.000000 0.510115 310.994367 101.851278
8 333.987030 333.987030 108.000000 334.497142 310.986694 101.802516

(All distances are in millimeters.)
----------------------------------------------------------------------
