----------------------------------------------------------------------
Transformation Parameters

Patient number: 006
From: ct
To: mr_PD

Point      x          y          z        new_x       new_y       new_z

1 0.000000 0.000000 0.000000 -7.911924 -31.007624 -23.065565
2 333.987030 0.000000 0.000000 326.075100 -31.025978 -23.123679
3 0.000000 333.987030 0.000000 -7.893555 302.979393 -22.976725
4 333.987030 333.987030 0.000000 326.093470 302.961040 -23.034839
5 0.000000 0.000000 116.000000 -7.891742 -31.038481 92.934429
6 333.987030 0.000000 116.000000 326.095283 -31.056835 92.876315
7 0.000000 333.987030 116.000000 -7.873372 302.948536 93.023269
8 333.987030 333.987030 116.000000 326.113652 302.930182 92.965155

(All distances are in millimeters.)
----------------------------------------------------------------------
