----------------------------------------------------------------------
Transformation Parameters

Patient number: 004
From: ct
To: mr_T1

Point      x          y          z        new_x       new_y       new_z

1 0.000000 0.000000 0.000000 -0.449354 -30.113089 -17.912403
2 333.987030 0.000000 0.000000 333.537651 -30.131786 -18.041322
3 0.000000 333.987030 0.000000 -0.430651 303.873940 -17.895704
4 333.987030 333.987030 0.000000 333.556354 303.855243 -18.024623
5 0.000000 0.000000 104.000000 -0.409210 -30.118291 86.087589
6 333.987030 0.000000 104.000000 333.577795 -30.136988 85.958670
7 0.000000 333.987030 104.000000 -0.390507 303.868738 86.104288
8 333.987030 333.987030 104.000000 333.596498 303.850041 85.975369

(All distances are in millimeters.)
----------------------------------------------------------------------
