----------------------------------------------------------------------
Transformation Parameters

Patient number: 002
From: pet
To: mr_T2

Point      x          y          z        new_x       new_y       new_z

1 0.000000 0.000000 0.000000 4.449305 3.803087 -13.585000
2 329.021826 0.000000 0.000000 333.471127 3.808014 -13.535318
3 0.000000 329.021826 0.000000 4.444370 332.824908 -13.532686
4 329.021826 329.021826 0.000000 333.466192 332.829836 -13.483003
5 0.000000 0.000000 112.000000 4.432394 3.785278 98.414997
6 329.021826 0.000000 112.000000 333.454216 3.790206 98.464680
7 0.000000 329.021826 112.000000 4.427458 332.807100 98.467312
8 329.021826 329.021826 112.000000 333.449280 332.812027 98.516994

(All distances are in millimeters.)
----------------------------------------------------------------------
