----------------------------------------------------------------------
Transformation Parameters

Patient number: 002
From: ct
To: mr_PD_rectified

Point      x          y          z        new_x       new_y       new_z

1 0.000000 0.000000 0.000000 2.138186 -31.090242 -16.567685
2 333.987030 0.000000 0.000000 336.125174 -31.089528 -16.735013
3 0.000000 333.987030 0.000000 2.137518 302.896776 -16.476507
4 333.987030 333.987030 0.000000 336.124506 302.897490 -16.643834
5 0.000000 0.000000 112.000000 2.194298 -31.120818 95.432296
6 333.987030 0.000000 112.000000 336.181286 -31.120104 95.264969
7 0.000000 333.987030 112.000000 2.193630 302.866200 95.523475
8 333.987030 333.987030 112.000000 336.180618 302.866914 95.356147

(All distances are in millimeters.)
----------------------------------------------------------------------
