----------------------------------------------------------------------
Transformation Parameters

Patient number: 006
From: ct
To: mr_PD_rectified

Point      x          y          z        new_x       new_y       new_z

1 0.000000 0.000000 0.000000 -6.396456 -30.947885 -22.390516
2 333.987030 0.000000 0.000000 327.590571 -30.956234 -22.433935
3 0.000000 333.987030 0.000000 -6.388107 303.039145 -22.386174
4 333.987030 333.987030 0.000000 327.598920 303.030796 -22.429593
5 0.000000 0.000000 116.000000 -6.381376 -30.949394 93.609483
6 333.987030 0.000000 116.000000 327.605651 -30.957743 93.566064
7 0.000000 333.987030 116.000000 -6.373027 303.037636 93.613825
8 333.987030 333.987030 116.000000 327.614000 303.029287 93.570406

(All distances are in millimeters.)
----------------------------------------------------------------------
