----------------------------------------------------------------------
Transformation Parameters

Patient number: 001
From: ct
To: mr_T1_rectified

Point      x          y          z        new_x       new_y       new_z

1 0.000000 0.000000 0.000000 2.245133 -22.835112 -2.215023
2 333.987030 0.000000 0.000000 336.232157 -22.802721 -2.271800
3 0.000000 333.987030 0.000000 2.212736 311.151915 -2.247419
4 333.987030 333.987030 0.000000 336.199760 311.184306 -2.304197
5 0.000000 0.000000 108.000000 2.263492 -22.824634 105.784975
6 333.987030 0.000000 108.000000 336.250516 -22.792243 105.728197
7 0.000000 333.987030 108.000000 2.231095 311.162393 105.752578
8 333.987030 333.987030 108.000000 336.218119 311.194784 105.695801

(All distances are in millimeters.)
----------------------------------------------------------------------
