----------------------------------------------------------------------
Transformation Parameters

Patient number: 007
From: ct
To: mr_T1

Point      x          y          z        new_x       new_y       new_z

1 0.000000 0.000000 0.000000 -5.924670 -21.983261 -8.945356
2 333.987030 0.000000 0.000000 328.062355 -22.037704 -8.932998
3 0.000000 333.987030 0.000000 -5.870230 312.003752 -8.853175
4 333.987030 333.987030 0.000000 328.116795 311.949308 -8.840818
5 0.000000 0.000000 108.000000 -5.928671 -22.013068 99.054640
6 333.987030 0.000000 108.000000 328.058354 -22.067512 99.066997
7 0.000000 333.987030 108.000000 -5.874231 311.973944 99.146820
8 333.987030 333.987030 108.000000 328.112794 311.919501 99.159178

(All distances are in millimeters.)
----------------------------------------------------------------------
