----------------------------------------------------------------------
Transformation Parameters

Patient number: 008
From: pet
To: mr_T2

Point      x          y          z        new_x       new_y       new_z

1 0.000000 0.000000 0.000000 2.610431 14.199121 -21.704751
2 329.021826 0.000000 0.000000 331.632254 14.205380 -21.660662
3 0.000000 329.021826 0.000000 2.604180 343.220942 -21.758711
4 329.021826 329.021826 0.000000 331.626003 343.227201 -21.714622
5 0.000000 0.000000 112.000000 2.595423 14.217489 90.295246
6 329.021826 0.000000 112.000000 331.617246 14.223747 90.339335
7 0.000000 329.021826 112.000000 2.589172 343.239310 90.241286
8 329.021826 329.021826 112.000000 331.610994 343.245569 90.285375

(All distances are in millimeters.)
----------------------------------------------------------------------
