----------------------------------------------------------------------
Transformation Parameters

Patient number: 007
From: ct
To: mr_T2

Point      x          y          z        new_x       new_y       new_z

1 0.000000 0.000000 0.000000 -5.678848 -21.710604 -6.560597
2 333.987030 0.000000 0.000000 328.308176 -21.697609 -6.497140
3 0.000000 333.987030 0.000000 -5.691874 312.276386 -6.397612
4 333.987030 333.987030 0.000000 328.295150 312.289381 -6.334154
5 0.000000 0.000000 108.000000 -5.699366 -21.763309 101.439388
6 333.987030 0.000000 108.000000 328.287658 -21.750314 101.502846
7 0.000000 333.987030 108.000000 -5.712392 312.223681 101.602374
8 333.987030 333.987030 108.000000 328.274632 312.236676 101.665831

(All distances are in millimeters.)
----------------------------------------------------------------------
