----------------------------------------------------------------------
Transformation Parameters

Patient number: 002
From: ct
To: mr_T1

Point      x          y          z        new_x       new_y       new_z

1 0.000000 0.000000 0.000000 0.423325 -25.218147 -18.391379
2 333.987030 0.000000 0.000000 334.410347 -25.148347 -18.407411
3 0.000000 333.987030 0.000000 0.353521 308.768870 -18.453167
4 333.987030 333.987030 0.000000 334.340544 308.838670 -18.469198
5 0.000000 0.000000 112.000000 0.428696 -25.197426 93.608618
6 333.987030 0.000000 112.000000 334.415719 -25.127626 93.592587
7 0.000000 333.987030 112.000000 0.358893 308.789591 93.546831
8 333.987030 333.987030 112.000000 334.345915 308.859391 93.530799

(All distances are in millimeters.)
----------------------------------------------------------------------
