----------------------------------------------------------------------
Transformation Parameters

Patient number: 005
From: pet
To: mr_PD_rectified

Point      x          y          z        new_x       new_y       new_z

1 0.000000 0.000000 0.000000 50.337227 24.938200 2.595759
2 246.766339 0.000000 0.000000 297.103534 25.014201 2.495819
3 0.000000 246.766339 0.000000 50.261222 271.704528 2.588356
4 246.766339 246.766339 0.000000 297.027530 271.780529 2.488416
5 0.000000 0.000000 112.000000 50.382585 24.941574 114.595750
6 246.766339 0.000000 112.000000 297.148893 25.017575 114.495810
7 0.000000 246.766339 112.000000 50.306581 271.707902 114.588347
8 246.766339 246.766339 112.000000 297.072889 271.783903 114.488407

(All distances are in millimeters.)
----------------------------------------------------------------------
