----------------------------------------------------------------------
Transformation Parameters

Patient number: 007
From: ct
To: mr_T2_rectified

Point      x          y          z        new_x       new_y       new_z

1 0.000000 0.000000 0.000000 -3.845701 -22.304561 -4.992609
2 333.987030 0.000000 0.000000 330.141326 -22.288857 -5.037697
3 0.000000 333.987030 0.000000 -3.861398 311.682464 -4.939505
4 333.987030 333.987030 0.000000 330.125628 311.698169 -4.984593
5 0.000000 0.000000 108.000000 -3.831120 -22.321733 103.007389
6 333.987030 0.000000 108.000000 330.155906 -22.306028 102.962301
7 0.000000 333.987030 108.000000 -3.846818 311.665293 103.060493
8 333.987030 333.987030 108.000000 330.140209 311.680997 103.015405

(All distances are in millimeters.)
----------------------------------------------------------------------
