----------------------------------------------------------------------
Transformation Parameters

Patient number: 002
From: ct
To: mr_T2_rectified

Point      x          y          z        new_x       new_y       new_z

1 0.000000 0.000000 0.000000 3.141638 -30.271782 -16.881281
2 333.987030 0.000000 0.000000 337.128663 -30.232709 -16.926369
3 0.000000 333.987030 0.000000 3.102562 303.715245 -16.902322
4 333.987030 333.987030 0.000000 337.089587 303.754318 -16.947410
5 0.000000 0.000000 112.000000 3.156757 -30.264724 95.118718
6 333.987030 0.000000 112.000000 337.143782 -30.225651 95.073630
7 0.000000 333.987030 112.000000 3.117681 303.722303 95.097677
8 333.987030 333.987030 112.000000 337.104706 303.761376 95.052589

(All distances are in millimeters.)
----------------------------------------------------------------------
