----------------------------------------------------------------------
Transformation Parameters

Patient number: 006
From: ct
To: mr_T1

Point      x          y          z        new_x       new_y       new_z

1 0.000000 0.000000 0.000000 -8.064987 -29.980614 -22.540949
2 333.987030 0.000000 0.000000 325.922026 -30.008332 -22.438081
3 0.000000 333.987030 0.000000 -8.037266 304.006415 -22.550969
4 333.987030 333.987030 0.000000 325.949747 303.978697 -22.448101
5 0.000000 0.000000 116.000000 -8.100715 -29.977131 93.459045
6 333.987030 0.000000 116.000000 325.886298 -30.004849 93.561913
7 0.000000 333.987030 116.000000 -8.072994 304.009898 93.449025
8 333.987030 333.987030 116.000000 325.914019 303.982180 93.551893

(All distances are in millimeters.)
----------------------------------------------------------------------
