----------------------------------------------------------------------
Transformation Parameters

Patient number: 007
From: pet
To: mr_T2_rectified

Point      x          y          z        new_x       new_y       new_z

1 0.000000 0.000000 0.000000 8.398221 -2.354914 3.697494
2 329.021826 0.000000 0.000000 337.420046 -2.383538 3.700126
3 0.000000 329.021826 0.000000 8.426846 326.666904 3.632348
4 329.021826 329.021826 0.000000 337.448671 326.638280 3.634980
5 0.000000 0.000000 112.000000 8.397327 -2.332738 115.697492
6 329.021826 0.000000 112.000000 337.419152 -2.361362 115.700124
7 0.000000 329.021826 112.000000 8.425952 326.689080 115.632346
8 329.021826 329.021826 112.000000 337.447777 326.660456 115.634978

(All distances are in millimeters.)
----------------------------------------------------------------------
