----------------------------------------------------------------------
Transformation Parameters

Patient number: 009
From: pet
To: mr_PD

Point      x          y          z        new_x       new_y       new_z

1 0.000000 0.000000 0.000000 5.154875 -3.917319 -21.727442
2 329.021826 0.000000 0.000000 334.176687 -3.911692 -21.634658
3 0.000000 329.021826 0.000000 5.149281 325.104485 -21.846877
4 329.021826 329.021826 0.000000 334.171094 325.110112 -21.754092
5 0.000000 0.000000 112.000000 5.123290 -3.876664 90.272546
6 329.021826 0.000000 112.000000 334.145103 -3.871037 90.365331
7 0.000000 329.021826 112.000000 5.117697 325.145140 90.153112
8 329.021826 329.021826 112.000000 334.139509 325.150767 90.245896

(All distances are in millimeters.)
----------------------------------------------------------------------
