----------------------------------------------------------------------
Transformation Parameters

Patient number: 007
From: ct
To: mr_T1_rectified

Point      x          y          z        new_x       new_y       new_z

1 0.000000 0.000000 0.000000 -3.702778 -21.882301 -5.875807
2 333.987030 0.000000 0.000000 330.284243 -21.933731 -5.930915
3 0.000000 333.987030 0.000000 -3.651344 312.104724 -5.852094
4 333.987030 333.987030 0.000000 330.335677 312.053294 -5.907202
5 0.000000 0.000000 108.000000 -3.684959 -21.889972 102.124192
6 333.987030 0.000000 108.000000 330.302062 -21.941402 102.069084
7 0.000000 333.987030 108.000000 -3.633525 312.097053 102.147905
8 333.987030 333.987030 108.000000 330.353496 312.045623 102.092797

(All distances are in millimeters.)
----------------------------------------------------------------------
