----------------------------------------------------------------------
Transformation Parameters

Patient number: 005
From: ct
To: mr_T1_rectified

Point      x          y          z        new_x       new_y       new_z

1 0.000000 0.000000 0.000000 -5.585264 -32.897440 -18.056724
2 333.987030 0.000000 0.000000 328.401752 -32.908749 -18.153915
3 0.000000 333.987030 0.000000 -5.573908 301.089550 -17.894407
4 333.987030 333.987030 0.000000 328.413108 301.078242 -17.991597
5 0.000000 0.000000 128.000000 -5.548018 -32.959650 109.943255
6 333.987030 0.000000 128.000000 328.438998 -32.970958 109.846065
7 0.000000 333.987030 128.000000 -5.536662 301.027341 110.105573
8 333.987030 333.987030 128.000000 328.450354 301.016032 110.008382

(All distances are in millimeters.)
----------------------------------------------------------------------
