----------------------------------------------------------------------
Transformation Parameters

Patient number: 005
From: pet
To: mr_T2

Point      x          y          z        new_x       new_y       new_z

1 0.000000 0.000000 0.000000 49.890761 26.607570 -2.378718
2 246.766339 0.000000 0.000000 296.656968 26.653817 -2.127757
3 0.000000 246.766339 0.000000 49.844369 273.373863 -2.236581
4 246.766339 246.766339 0.000000 296.610576 273.420111 -1.985619
5 0.000000 0.000000 112.000000 49.776869 26.543036 109.621205
6 246.766339 0.000000 112.000000 296.543076 26.589284 109.872167
7 0.000000 246.766339 112.000000 49.730477 273.309330 109.763343
8 246.766339 246.766339 112.000000 296.496684 273.355577 110.014304

(All distances are in millimeters.)
----------------------------------------------------------------------
