----------------------------------------------------------------------
Transformation Parameters

Patient number: 006
From: ct
To: mr_PD_rectified

Point      x          y          z        new_x       new_y       new_z

1 0.000000 0.000000 0.000000 -6.340961 -30.923900 -22.695664
2 333.987030 0.000000 0.000000 327.646057 -30.989693 -22.759121
3 0.000000 333.987030 0.000000 -6.275166 303.063123 -22.680634
4 333.987030 333.987030 0.000000 327.711852 302.997330 -22.744092
5 0.000000 0.000000 116.000000 -6.318922 -30.929124 93.304334
6 333.987030 0.000000 116.000000 327.668096 -30.994917 93.240876
7 0.000000 333.987030 116.000000 -6.253127 303.057899 93.319363
8 333.987030 333.987030 116.000000 327.733891 302.992106 93.255906

(All distances are in millimeters.)
----------------------------------------------------------------------
