----------------------------------------------------------------------
Transformation Parameters

Patient number: 006
From: ct
To: mr_T1

Point      x          y          z        new_x       new_y       new_z

1 0.000000 0.000000 0.000000 -7.657590 -31.635013 -14.989473
2 333.987030 0.000000 0.000000 326.329431 -31.619643 -15.067960
3 0.000000 333.987030 0.000000 -7.672953 302.352016 -14.960750
4 333.987030 333.987030 0.000000 326.314067 302.367386 -15.039237
5 0.000000 0.000000 116.000000 -7.630329 -31.644988 101.010523
6 333.987030 0.000000 116.000000 326.356691 -31.629618 100.932036
7 0.000000 333.987030 116.000000 -7.645693 302.342041 101.039246
8 333.987030 333.987030 116.000000 326.341328 302.357411 100.960759

(All distances are in millimeters.)
----------------------------------------------------------------------
