----------------------------------------------------------------------
Transformation Parameters

Patient number: 008
From: pet
To: mr_T2

Point      x          y          z        new_x       new_y       new_z

1 0.000000 0.000000 0.000000 2.518590 14.067494 -25.236761
2 329.021826 0.000000 0.000000 331.540399 14.089574 -25.131803
3 0.000000 329.021826 0.000000 2.496546 343.089301 -25.346655
4 329.021826 329.021826 0.000000 331.518354 343.111380 -25.241697
5 0.000000 0.000000 112.000000 2.482860 14.104900 86.763227
6 329.021826 0.000000 112.000000 331.504668 14.126979 86.868185
7 0.000000 329.021826 112.000000 2.460815 343.126706 86.653333
8 329.021826 329.021826 112.000000 331.482624 343.148786 86.758291

(All distances are in millimeters.)
----------------------------------------------------------------------
