----------------------------------------------------------------------
Transformation Parameters

Patient number: 006
From: ct
To: mr_PD

Point      x          y          z        new_x       new_y       new_z

1 0.000000 0.000000 0.000000 -8.036156 -30.572217 -23.217107
2 333.987030 0.000000 0.000000 325.950858 -30.562205 -23.320976
3 0.000000 333.987030 0.000000 -8.046176 303.414812 -23.241822
4 333.987030 333.987030 0.000000 325.940838 303.424824 -23.345692
5 0.000000 0.000000 116.000000 -8.000080 -30.563632 92.782888
6 333.987030 0.000000 116.000000 325.986934 -30.553620 92.679018
7 0.000000 333.987030 116.000000 -8.010100 303.423397 92.758172
8 333.987030 333.987030 116.000000 325.976914 303.433409 92.654303

(All distances are in millimeters.)
----------------------------------------------------------------------
