----------------------------------------------------------------------
Transformation Parameters

Patient number: 003
From: ct
To: mr_PD_rectified

Point      x          y          z        new_x       new_y       new_z

1 0.000000 0.000000 0.000000 -0.156326 -36.844102 -52.320174
2 333.987030 0.000000 0.000000 333.830684 -36.742596 -52.265734
3 0.000000 333.987030 0.000000 -0.257858 297.142873 -52.156186
4 333.987030 333.987030 0.000000 333.729152 297.244378 -52.101746
5 0.000000 0.000000 132.000000 -0.177822 -36.908920 79.679808
6 333.987030 0.000000 132.000000 333.809188 -36.807415 79.734248
7 0.000000 333.987030 132.000000 -0.279354 297.078054 79.843796
8 333.987030 333.987030 132.000000 333.707656 297.179560 79.898236

(All distances are in millimeters.)
----------------------------------------------------------------------
