----------------------------------------------------------------------
Transformation Parameters

Patient number: 008
From: pet
To: mr_T1

Point      x          y          z        new_x       new_y       new_z

1 0.000000 0.000000 0.000000 3.174101 5.934251 -21.448737
2 329.021826 0.000000 0.000000 332.195903 5.961206 -21.325683
3 0.000000 329.021826 0.000000 3.147121 334.956069 -21.382275
4 329.021826 329.021826 0.000000 332.168923 334.983024 -21.259221
5 0.000000 0.000000 112.000000 3.132215 5.911624 90.551253
6 329.021826 0.000000 112.000000 332.154017 5.938579 90.674307
7 0.000000 329.021826 112.000000 3.105235 334.933442 90.617715
8 329.021826 329.021826 112.000000 332.127037 334.960397 90.740769

(All distances are in millimeters.)
----------------------------------------------------------------------
