----------------------------------------------------------------------
Transformation Parameters

Patient number: 001
From: ct
To: mr_PD

Point      x          y          z        new_x       new_y       new_z

1 0.000000 0.000000 0.000000 0.666939 -23.522994 0.860581
2 333.987030 0.000000 0.000000 334.653952 -23.561705 0.762055
3 0.000000 333.987030 0.000000 0.705682 310.464016 0.968459
4 333.987030 333.987030 0.000000 334.692695 310.425306 0.869933
5 0.000000 0.000000 108.000000 0.698795 -23.557882 108.860571
6 333.987030 0.000000 108.000000 334.685808 -23.596592 108.762045
7 0.000000 333.987030 108.000000 0.737538 310.429129 108.968449
8 333.987030 333.987030 108.000000 334.724551 310.390418 108.869923

(All distances are in millimeters.)
----------------------------------------------------------------------
