----------------------------------------------------------------------
Transformation Parameters

Patient number: 001
From: ct
To: mr_T1

Point      x          y          z        new_x       new_y       new_z

1 0.000000 0.000000 0.000000 0.377428 -22.621383 -3.029553
2 333.987030 0.000000 0.000000 334.364384 -22.719892 -3.228943
3 0.000000 333.987030 0.000000 0.475954 311.365631 -3.001498
4 333.987030 333.987030 0.000000 334.462910 311.267122 -3.200888
5 0.000000 0.000000 108.000000 0.441902 -22.630474 104.970428
6 333.987030 0.000000 108.000000 334.428858 -22.728983 104.771038
7 0.000000 333.987030 108.000000 0.540428 311.356540 104.998483
8 333.987030 333.987030 108.000000 334.527384 311.258031 104.799093

(All distances are in millimeters.)
----------------------------------------------------------------------
