----------------------------------------------------------------------
Transformation Parameters

Patient number: 003
From: ct
To: mr_T2_rectified

Point      x          y          z        new_x       new_y       new_z

1 0.000000 0.000000 0.000000 0.117084 -31.296558 -34.293437
2 333.987030 0.000000 0.000000 334.104092 -31.401417 -34.357896
3 0.000000 333.987030 0.000000 0.221956 302.690449 -34.229311
4 333.987030 333.987030 0.000000 334.208964 302.585590 -34.293771
5 0.000000 0.000000 132.000000 0.142552 -31.321910 97.706559
6 333.987030 0.000000 132.000000 334.129560 -31.426769 97.642099
7 0.000000 333.987030 132.000000 0.247424 302.665097 97.770684
8 333.987030 333.987030 132.000000 334.234432 302.560238 97.706225

(All distances are in millimeters.)
----------------------------------------------------------------------
