----------------------------------------------------------------------
Transformation Parameters

Patient number: 007
From: pet
To: mr_PD_rectified

Point      x          y          z        new_x       new_y       new_z

1 0.000000 0.000000 0.000000 8.503033 -2.190603 3.175130
2 329.021826 0.000000 0.000000 337.524795 -2.180381 3.380769
3 0.000000 329.021826 0.000000 8.492834 326.831221 3.138938
4 329.021826 329.021826 0.000000 337.514595 326.841443 3.344576
5 0.000000 0.000000 112.000000 8.433033 -2.178285 115.175108
6 329.021826 0.000000 112.000000 337.454794 -2.168063 115.380746
7 0.000000 329.021826 112.000000 8.422833 326.843538 115.138915
8 329.021826 329.021826 112.000000 337.444595 326.853761 115.344554

(All distances are in millimeters.)
----------------------------------------------------------------------
