----------------------------------------------------------------------
Transformation Parameters

Patient number: 006
From: pet
To: mr_T1

Point      x          y          z        new_x       new_y       new_z

1 0.000000 0.000000 0.000000 4.970520 2.016712 -4.063339
2 329.021826 0.000000 0.000000 333.992330 2.007833 -3.962987
3 0.000000 329.021826 0.000000 4.979403 331.038538 -4.078474
4 329.021826 329.021826 0.000000 334.001214 331.029659 -3.978122
5 0.000000 0.000000 112.000000 4.936360 2.021865 107.936656
6 329.021826 0.000000 112.000000 333.958170 2.012986 108.037008
7 0.000000 329.021826 112.000000 4.945244 331.043691 107.921521
8 329.021826 329.021826 112.000000 333.967054 331.034812 108.021873

(All distances are in millimeters.)
----------------------------------------------------------------------
