----------------------------------------------------------------------
Transformation Parameters

Patient number: 004
From: ct
To: mr_T1_rectified

Point      x          y          z        new_x       new_y       new_z

1 0.000000 0.000000 0.000000 0.976123 -29.882414 -14.330113
2 333.987030 0.000000 0.000000 334.963131 -29.963192 -14.422628
3 0.000000 333.987030 0.000000 1.056948 304.104565 -14.164122
4 333.987030 333.987030 0.000000 335.043955 304.023787 -14.256636
5 0.000000 0.000000 104.000000 1.004919 -29.934109 89.669870
6 333.987030 0.000000 104.000000 334.991926 -30.014887 89.577356
7 0.000000 333.987030 104.000000 1.085743 304.052870 89.835862
8 333.987030 333.987030 104.000000 335.072751 303.972092 89.743347

(All distances are in millimeters.)
----------------------------------------------------------------------
