----------------------------------------------------------------------
Transformation Parameters

Patient number: 007
From: pet
To: mr_PD

Point      x          y          z        new_x       new_y       new_z

1 0.000000 0.000000 0.000000 6.244441 -2.888844 1.983000
2 329.021826 0.000000 0.000000 335.266181 -2.806263 2.205748
3 0.000000 329.021826 0.000000 6.161856 326.132971 1.987606
4 329.021826 329.021826 0.000000 335.183596 326.215553 2.210354
5 0.000000 0.000000 112.000000 6.168617 -2.890431 113.982974
6 329.021826 0.000000 112.000000 335.190357 -2.807850 114.205722
7 0.000000 329.021826 112.000000 6.086033 326.131384 113.987580
8 329.021826 329.021826 112.000000 335.107773 326.213966 114.210328

(All distances are in millimeters.)
----------------------------------------------------------------------
