----------------------------------------------------------------------
Transformation Parameters

Patient number: 009
From: pet
To: mr_T2

Point      x          y          z        new_x       new_y       new_z

1 0.000000 0.000000 0.000000 4.867846 -4.257779 -25.637764
2 329.021826 0.000000 0.000000 333.889668 -4.260736 -25.589398
3 0.000000 329.021826 0.000000 4.870807 324.764046 -25.663757
4 329.021826 329.021826 0.000000 333.892630 324.761089 -25.615390
5 0.000000 0.000000 112.000000 4.851382 -4.248931 86.362234
6 329.021826 0.000000 112.000000 333.873204 -4.251888 86.410601
7 0.000000 329.021826 112.000000 4.854343 324.772894 86.336242
8 329.021826 329.021826 112.000000 333.876166 324.769937 86.384608

(All distances are in millimeters.)
----------------------------------------------------------------------
