----------------------------------------------------------------------
Transformation Parameters

Patient number: 004
From: ct
To: mr_PD

Point      x          y          z        new_x       new_y       new_z

1 0.000000 0.000000 0.000000 0.088486 -28.764998 -34.710658
2 333.987030 0.000000 0.000000 334.075515 -28.762335 -34.683605
3 0.000000 333.987030 0.000000 0.085814 305.222015 -34.606120
4 333.987030 333.987030 0.000000 334.072843 305.224679 -34.579067
5 0.000000 0.000000 104.000000 0.080063 -28.797551 69.289337
6 333.987030 0.000000 104.000000 334.067092 -28.794887 69.316390
7 0.000000 333.987030 104.000000 0.077391 305.189463 69.393875
8 333.987030 333.987030 104.000000 334.064420 305.192127 69.420928

(All distances are in millimeters.)
----------------------------------------------------------------------
