----------------------------------------------------------------------
Transformation Parameters

Patient number: 001
From: ct
To: mr_T1_rectified

Point      x          y          z        new_x       new_y       new_z

1 0.000000 0.000000 0.000000 2.151068 -22.601064 -2.091559
2 333.987030 0.000000 0.000000 336.138029 -22.653508 -2.299299
3 0.000000 333.987030 0.000000 2.203504 311.385962 -2.104584
4 333.987030 333.987030 0.000000 336.190465 311.333518 -2.312324
5 0.000000 0.000000 108.000000 2.218245 -22.596862 105.908420
6 333.987030 0.000000 108.000000 336.205206 -22.649306 105.700680
7 0.000000 333.987030 108.000000 2.270681 311.390164 105.895395
8 333.987030 333.987030 108.000000 336.257642 311.337720 105.687655

(All distances are in millimeters.)
----------------------------------------------------------------------
