----------------------------------------------------------------------
Transformation Parameters

Patient number: 001
From: ct
To: mr_T2_rectified

Point      x          y          z        new_x       new_y       new_z

1 0.000000 0.000000 0.000000 2.611058 -22.422568 -0.709940
2 333.987030 0.000000 0.000000 336.598078 -22.478672 -0.765048
3 0.000000 333.987030 0.000000 2.667168 311.564455 -0.673870
4 333.987030 333.987030 0.000000 336.654188 311.508351 -0.728978
5 0.000000 0.000000 108.000000 2.628876 -22.434235 107.290058
6 333.987030 0.000000 108.000000 336.615897 -22.490339 107.234950
7 0.000000 333.987030 108.000000 2.684986 311.552788 107.326128
8 333.987030 333.987030 108.000000 336.672006 311.496684 107.271020

(All distances are in millimeters.)
----------------------------------------------------------------------
