----------------------------------------------------------------------
Transformation Parameters

Patient number: 007
From: ct
To: mr_T1_rectified

Point      x          y          z        new_x       new_y       new_z

1 0.000000 0.000000 0.000000 -3.713456 -21.837862 -6.060174
2 333.987030 0.000000 0.000000 330.273539 -21.918678 -6.188091
3 0.000000 333.987030 0.000000 -3.632632 312.149158 -6.038131
4 333.987030 333.987030 0.000000 330.354364 312.068342 -6.166048
5 0.000000 0.000000 108.000000 -3.672094 -21.845000 101.939818
6 333.987030 0.000000 108.000000 330.314902 -21.925816 101.811901
7 0.000000 333.987030 108.000000 -3.591269 312.142020 101.961861
8 333.987030 333.987030 108.000000 330.395726 312.061204 101.833944

(All distances are in millimeters.)
----------------------------------------------------------------------
