----------------------------------------------------------------------
Transformation Parameters

Patient number: 007
From: ct
To: mr_T2

Point      x          y          z        new_x       new_y       new_z

1 0.000000 0.000000 0.000000 -5.848092 -21.205004 -9.578276
2 333.987030 0.000000 0.000000 328.138938 -21.203004 -9.558571
3 0.000000 333.987030 0.000000 -5.850096 312.782020 -9.512481
4 333.987030 333.987030 0.000000 328.136934 312.784020 -9.492776
5 0.000000 0.000000 108.000000 -5.854464 -21.226280 98.421722
6 333.987030 0.000000 108.000000 328.132566 -21.224280 98.441427
7 0.000000 333.987030 108.000000 -5.856468 312.760744 98.487517
8 333.987030 333.987030 108.000000 328.130562 312.762744 98.507222

(All distances are in millimeters.)
----------------------------------------------------------------------
