----------------------------------------------------------------------
Transformation Parameters

Patient number: 009
From: pet
To: mr_T1

Point      x          y          z        new_x       new_y       new_z

1 0.000000 0.000000 0.000000 5.158197 -3.853395 -24.831063
2 329.021826 0.000000 0.000000 334.179996 -3.769782 -24.729066
3 0.000000 329.021826 0.000000 5.074625 325.168393 -24.964646
4 329.021826 329.021826 0.000000 334.096425 325.252006 -24.862649
5 0.000000 0.000000 112.000000 5.123465 -3.807932 87.168923
6 329.021826 0.000000 112.000000 334.145265 -3.724319 87.270920
7 0.000000 329.021826 112.000000 5.039894 325.213856 87.035340
8 329.021826 329.021826 112.000000 334.061693 325.297469 87.137337

(All distances are in millimeters.)
----------------------------------------------------------------------
