----------------------------------------------------------------------
Transformation Parameters

Patient number: 007
From: pet
To: mr_T1

Point      x          y          z        new_x       new_y       new_z

1 0.000000 0.000000 0.000000 6.267387 -3.343354 -3.281825
2 329.021826 0.000000 0.000000 335.289181 -3.304868 -3.142320
3 0.000000 329.021826 0.000000 6.228892 325.678469 -3.260110
4 329.021826 329.021826 0.000000 335.250686 325.716955 -3.120604
5 0.000000 0.000000 112.000000 6.219900 -3.350751 108.718164
6 329.021826 0.000000 112.000000 335.241694 -3.312265 108.857670
7 0.000000 329.021826 112.000000 6.181405 325.671071 108.739880
8 329.021826 329.021826 112.000000 335.203199 325.709558 108.879385

(All distances are in millimeters.)
----------------------------------------------------------------------
