----------------------------------------------------------------------
Transformation Parameters

Patient number: 005
From: ct
To: mr_T2_rectified

Point      x          y          z        new_x       new_y       new_z

1 0.000000 0.000000 0.000000 -5.944947 -33.113213 -18.597646
2 333.987030 0.000000 0.000000 328.042071 -33.179022 -18.537528
3 0.000000 333.987030 0.000000 -5.879151 300.873802 -18.519159
4 333.987030 333.987030 0.000000 328.107867 300.807992 -18.459041
5 0.000000 0.000000 128.000000 -5.967993 -33.143288 109.402349
6 333.987030 0.000000 128.000000 328.019025 -33.209098 109.462467
7 0.000000 333.987030 128.000000 -5.902197 300.843726 109.480836
8 333.987030 333.987030 128.000000 328.084821 300.777917 109.540954

(All distances are in millimeters.)
----------------------------------------------------------------------
