----------------------------------------------------------------------
Transformation Parameters

Patient number: 002
From: pet
To: mr_PD_rectified

Point      x          y          z        new_x       new_y       new_z

1 0.000000 0.000000 0.000000 5.857917 5.712627 -11.620988
2 329.021826 0.000000 0.000000 334.879694 5.758732 -11.448580
3 0.000000 329.021826 0.000000 5.811854 334.734440 -11.700611
4 329.021826 329.021826 0.000000 334.833631 334.780545 -11.528204
5 0.000000 0.000000 112.000000 5.799225 5.739723 100.378994
6 329.021826 0.000000 112.000000 334.821002 5.785828 100.551401
7 0.000000 329.021826 112.000000 5.753162 334.761536 100.299370
8 329.021826 329.021826 112.000000 334.774939 334.807641 100.471778

(All distances are in millimeters.)
----------------------------------------------------------------------
