----------------------------------------------------------------------
Transformation Parameters

Patient number: 002
From: ct
To: mr_T2

Point      x          y          z        new_x       new_y       new_z

1 0.000000 0.000000 0.000000 0.630726 -32.229272 -21.685228
2 333.987030 0.000000 0.000000 334.617753 -32.253319 -21.714953
3 0.000000 333.987030 0.000000 0.654773 301.757757 -21.681220
4 333.987030 333.987030 0.000000 334.641801 301.733711 -21.710945
5 0.000000 0.000000 112.000000 0.640694 -32.230617 90.314771
6 333.987030 0.000000 112.000000 334.627721 -32.254663 90.285046
7 0.000000 333.987030 112.000000 0.664741 301.756413 90.318779
8 333.987030 333.987030 112.000000 334.651768 301.732366 90.289054

(All distances are in millimeters.)
----------------------------------------------------------------------
