----------------------------------------------------------------------
Transformation Parameters

Patient number: 004
From: ct
To: mr_PD_rectified

Point      x          y          z        new_x       new_y       new_z

1 0.000000 0.000000 0.000000 0.255329 -31.539154 -16.421197
2 333.987030 0.000000 0.000000 334.242298 -31.557459 -16.622925
3 0.000000 333.987030 0.000000 0.273698 302.447859 -16.315657
4 333.987030 333.987030 0.000000 334.260667 302.429553 -16.517385
5 0.000000 0.000000 104.000000 0.318143 -31.572021 87.578779
6 333.987030 0.000000 104.000000 334.305112 -31.590327 87.377051
7 0.000000 333.987030 104.000000 0.336512 302.414991 87.684319
8 333.987030 333.987030 104.000000 334.323481 302.396686 87.482591

(All distances are in millimeters.)
----------------------------------------------------------------------
