----------------------------------------------------------------------
Transformation Parameters

Patient number: 001
From: pet
To: mr_T1_rectified

Point      x          y          z        new_x       new_y       new_z

1 0.000000 0.000000 0.000000 7.104937 -12.309806 -0.451900
2 329.021826 0.000000 0.000000 336.126756 -12.351596 -0.396295
3 0.000000 329.021826 0.000000 7.146723 316.712016 -0.426565
4 329.021826 329.021826 0.000000 336.168542 316.670226 -0.370960
5 0.000000 0.000000 112.000000 7.086008 -12.318428 111.548098
6 329.021826 0.000000 112.000000 336.107827 -12.360218 111.603703
7 0.000000 329.021826 112.000000 7.127794 316.703394 111.573433
8 329.021826 329.021826 112.000000 336.149612 316.661604 111.629038

(All distances are in millimeters.)
----------------------------------------------------------------------
