----------------------------------------------------------------------
Transformation Parameters

Patient number: 007
From: pet
To: mr_T1_rectified

Point      x          y          z        new_x       new_y       new_z

1 0.000000 0.000000 0.000000 8.536797 -2.072361 -1.826804
2 329.021826 0.000000 0.000000 337.558618 -2.020046 -1.830094
3 0.000000 329.021826 0.000000 8.484482 326.949456 -1.771528
4 329.021826 329.021826 0.000000 337.506304 327.001771 -1.774818
5 0.000000 0.000000 112.000000 8.537920 -2.091177 110.173194
6 329.021826 0.000000 112.000000 337.559741 -2.038862 110.169904
7 0.000000 329.021826 112.000000 8.485605 326.930640 110.228470
8 329.021826 329.021826 112.000000 337.507427 326.982955 110.225180

(All distances are in millimeters.)
----------------------------------------------------------------------
