----------------------------------------------------------------------
Transformation Parameters

Patient number: 006
From: ct
To: mr_T2

Point      x          y          z        new_x       new_y       new_z

1 0.000000 0.000000 0.000000 -8.172630 -32.697749 -14.501886
2 333.987030 0.000000 0.000000 325.814370 -32.687680 -14.642160
3 0.000000 333.987030 0.000000 -8.182650 301.289261 -14.384656
4 333.987030 333.987030 0.000000 325.804351 301.299329 -14.524931
5 0.000000 0.000000 116.000000 -8.123909 -32.738463 101.498097
6 333.987030 0.000000 116.000000 325.863092 -32.728394 101.357822
7 0.000000 333.987030 116.000000 -8.133928 301.248546 101.615326
8 333.987030 333.987030 116.000000 325.853072 301.258615 101.475052

(All distances are in millimeters.)
----------------------------------------------------------------------
