----------------------------------------------------------------------
Transformation Parameters

Patient number: 005
From: pet
To: mr_PD

Point      x          y          z        new_x       new_y       new_z

1 0.000000 0.000000 0.000000 49.941387 25.825472 -2.664953
2 246.766339 0.000000 0.000000 296.707700 25.853571 -2.556375
3 0.000000 246.766339 0.000000 49.913255 272.591798 -2.590923
4 246.766339 246.766339 0.000000 296.679569 272.619897 -2.482346
5 0.000000 0.000000 112.000000 49.892110 25.791866 109.335032
6 246.766339 0.000000 112.000000 296.658424 25.819965 109.443609
7 0.000000 246.766339 112.000000 49.863979 272.558193 109.409061
8 246.766339 246.766339 112.000000 296.630293 272.586291 109.517639

(All distances are in millimeters.)
----------------------------------------------------------------------
