----------------------------------------------------------------------
Transformation Parameters

Patient number: 005
From: pet
To: mr_PD_rectified

Point      x          y          z        new_x       new_y       new_z

1 0.000000 0.000000 0.000000 50.291559 24.913756 2.402815
2 246.766339 0.000000 0.000000 297.057883 24.953216 2.477585
3 0.000000 246.766339 0.000000 50.252076 271.680081 2.477585
4 246.766339 246.766339 0.000000 297.018401 271.719541 2.552355
5 0.000000 0.000000 112.000000 50.257628 24.879815 114.402805
6 246.766339 0.000000 112.000000 297.023953 24.919275 114.477575
7 0.000000 246.766339 112.000000 50.218146 271.646139 114.477575
8 246.766339 246.766339 112.000000 296.984470 271.685599 114.552345

(All distances are in millimeters.)
----------------------------------------------------------------------
