----------------------------------------------------------------------
Transformation Parameters

Patient number: 003
From: ct
To: mr_PD

Point      x          y          z        new_x       new_y       new_z

1 0.000000 0.000000 0.000000 -0.486841 -35.772709 -51.112311
2 333.987030 0.000000 0.000000 333.500187 -35.745324 -51.081918
3 0.000000 333.987030 0.000000 -0.514227 298.214319 -51.095277
4 333.987030 333.987030 0.000000 333.472800 298.241704 -51.064885
5 0.000000 0.000000 132.000000 -0.498852 -35.779442 80.887689
6 333.987030 0.000000 132.000000 333.488176 -35.752057 80.918081
7 0.000000 333.987030 132.000000 -0.526239 298.207586 80.904722
8 333.987030 333.987030 132.000000 333.460789 298.234971 80.935115

(All distances are in millimeters.)
----------------------------------------------------------------------
