----------------------------------------------------------------------
Transformation Parameters

Patient number: 005
From: pet
To: mr_T1_rectified

Point      x          y          z        new_x       new_y       new_z

1 0.000000 0.000000 0.000000 50.609554 25.074927 1.241148
2 246.766339 0.000000 0.000000 297.375837 25.102101 1.405741
3 0.000000 246.766339 0.000000 50.582410 271.841260 1.195250
4 246.766339 246.766339 0.000000 297.348693 271.868435 1.359843
5 0.000000 0.000000 112.000000 50.534848 25.095750 113.241121
6 246.766339 0.000000 112.000000 297.301131 25.122925 113.405714
7 0.000000 246.766339 112.000000 50.507704 271.862084 113.195223
8 246.766339 246.766339 112.000000 297.273987 271.889259 113.359816

(All distances are in millimeters.)
----------------------------------------------------------------------
