----------------------------------------------------------------------
Transformation Parameters

Patient number: 007
From: ct
To: mr_T1

Point      x          y          z        new_x       new_y       new_z

1 0.000000 0.000000 0.000000 -5.901815 -21.824198 -7.125720
2 333.987030 0.000000 0.000000 328.085209 -21.889661 -7.117036
3 0.000000 333.987030 0.000000 -5.836353 312.162820 -7.065602
4 333.987030 333.987030 0.000000 328.150670 312.097357 -7.056918
5 0.000000 0.000000 108.000000 -5.904626 -21.843637 100.874278
6 333.987030 0.000000 108.000000 328.082397 -21.909100 100.882962
7 0.000000 333.987030 108.000000 -5.839165 312.143381 100.934396
8 333.987030 333.987030 108.000000 328.147859 312.077918 100.943080

(All distances are in millimeters.)
----------------------------------------------------------------------
