----------------------------------------------------------------------
Transformation Parameters

Patient number: 009
From: pet
To: mr_PD

Point      x          y          z        new_x       new_y       new_z

1 0.000000 0.000000 0.000000 5.008706 -4.370936 -24.620622
2 329.021826 0.000000 0.000000 334.030513 -4.307385 -24.531457
3 0.000000 329.021826 0.000000 4.945205 324.650832 -24.804545
4 329.021826 329.021826 0.000000 333.967012 324.714383 -24.715380
5 0.000000 0.000000 112.000000 4.978342 -4.308334 87.379356
6 329.021826 0.000000 112.000000 334.000149 -4.244783 87.468521
7 0.000000 329.021826 112.000000 4.914840 324.713435 87.195433
8 329.021826 329.021826 112.000000 333.936648 324.776986 87.284598

(All distances are in millimeters.)
----------------------------------------------------------------------
