----------------------------------------------------------------------
Transformation Parameters

Patient number: 006
From: pet
To: mr_T2_rectified

Point      x          y          z        new_x       new_y       new_z

1 0.000000 0.000000 0.000000 7.082834 4.344660 -4.710891
2 329.021826 0.000000 0.000000 336.104657 4.358806 -4.670092
3 0.000000 329.021826 0.000000 7.068686 333.366485 -4.693453
4 329.021826 329.021826 0.000000 336.090509 333.380631 -4.652654
5 0.000000 0.000000 112.000000 7.068947 4.338723 107.289108
6 329.021826 0.000000 112.000000 336.090769 4.352869 107.329907
7 0.000000 329.021826 112.000000 7.054799 333.360548 107.306546
8 329.021826 329.021826 112.000000 336.076622 333.374694 107.347345

(All distances are in millimeters.)
----------------------------------------------------------------------
