----------------------------------------------------------------------
Transformation Parameters

Patient number: 001
From: pet
To: mr_T1

Point      x          y          z        new_x       new_y       new_z

1 0.000000 0.000000 0.000000 4.866909 -13.231765 1.060485
2 329.021826 0.000000 0.000000 333.888725 -13.234743 1.140109
3 0.000000 329.021826 0.000000 4.869871 315.790053 1.131225
4 329.021826 329.021826 0.000000 333.891687 315.787075 1.210848
5 0.000000 0.000000 112.000000 4.839805 -13.255845 113.060480
6 329.021826 0.000000 112.000000 333.861621 -13.258823 113.140103
7 0.000000 329.021826 112.000000 4.842766 315.765973 113.131219
8 329.021826 329.021826 112.000000 333.864582 315.762995 113.210843

(All distances are in millimeters.)
----------------------------------------------------------------------
