----------------------------------------------------------------------
Transformation Parameters

Patient number: 002
From: pet
To: mr_PD

Point      x          y          z        new_x       new_y       new_z

1 0.000000 0.000000 0.000000 4.243575 3.685541 -13.481632
2 329.021826 0.000000 0.000000 333.265375 3.748722 -13.369436
3 0.000000 329.021826 0.000000 4.180402 332.707359 -13.507296
4 329.021826 329.021826 0.000000 333.202203 332.770540 -13.395099
5 0.000000 0.000000 112.000000 4.205381 3.694269 98.518361
6 329.021826 0.000000 112.000000 333.227181 3.757450 98.630558
7 0.000000 329.021826 112.000000 4.142209 332.716088 98.492698
8 329.021826 329.021826 112.000000 333.164009 332.779269 98.604894

(All distances are in millimeters.)
----------------------------------------------------------------------
