----------------------------------------------------------------------
Transformation Parameters

Patient number: 001
From: pet
To: mr_T2_rectified

Point      x          y          z        new_x       new_y       new_z

1 0.000000 0.000000 0.000000 7.248708 -12.172491 2.632350
2 329.021826 0.000000 0.000000 336.270499 -12.199183 2.780739
3 0.000000 329.021826 0.000000 7.275359 316.849321 2.724147
4 329.021826 329.021826 0.000000 336.297150 316.822629 2.872536
5 0.000000 0.000000 112.000000 7.198194 -12.203735 114.632334
6 329.021826 0.000000 112.000000 336.219985 -12.230427 114.780723
7 0.000000 329.021826 112.000000 7.224844 316.818077 114.724131
8 329.021826 329.021826 112.000000 336.246636 316.791385 114.872520

(All distances are in millimeters.)
----------------------------------------------------------------------
