----------------------------------------------------------------------
Transformation Parameters

Patient number: 001
From: pet
To: mr_PD

Point      x          y          z        new_x       new_y       new_z

1 0.000000 0.000000 0.000000 5.343772 -13.168989 2.050612
2 329.021826 0.000000 0.000000 334.365576 -13.132459 2.166098
3 0.000000 329.021826 0.000000 5.307251 315.852833 2.025277
4 329.021826 329.021826 0.000000 334.329054 315.889364 2.140764
5 0.000000 0.000000 112.000000 5.304459 -13.160370 114.050604
6 329.021826 0.000000 112.000000 334.326263 -13.123840 114.166091
7 0.000000 329.021826 112.000000 5.267938 315.861453 114.025270
8 329.021826 329.021826 112.000000 334.289741 315.897983 114.140756

(All distances are in millimeters.)
----------------------------------------------------------------------
