----------------------------------------------------------------------
Transformation Parameters

Patient number: 002
From: pet
To: mr_T2

Point      x          y          z        new_x       new_y       new_z

1 0.000000 0.000000 0.000000 4.460234 3.775157 -13.392829
2 329.021826 0.000000 0.000000 333.482050 3.761353 -13.316825
3 0.000000 329.021826 0.000000 4.474053 332.796976 -13.456660
4 329.021826 329.021826 0.000000 333.495869 332.783172 -13.380656
5 0.000000 0.000000 112.000000 4.434363 3.796886 98.607166
6 329.021826 0.000000 112.000000 333.456179 3.783082 98.683170
7 0.000000 329.021826 112.000000 4.448181 332.818705 98.543335
8 329.021826 329.021826 112.000000 333.469998 332.804901 98.619339

(All distances are in millimeters.)
----------------------------------------------------------------------
