----------------------------------------------------------------------
Transformation Parameters

Patient number: 002
From: ct
To: mr_PD

Point      x          y          z        new_x       new_y       new_z

1 0.000000 0.000000 0.000000 0.628381 -32.641358 -18.489812
2 333.987030 0.000000 0.000000 334.615394 -32.553836 -18.554940
3 0.000000 333.987030 0.000000 0.540877 301.345649 -18.400972
4 333.987030 333.987030 0.000000 334.527889 301.433170 -18.466099
5 0.000000 0.000000 112.000000 0.650229 -32.671144 93.510181
6 333.987030 0.000000 112.000000 334.637241 -32.583623 93.445054
7 0.000000 333.987030 112.000000 0.562725 301.315862 93.599022
8 333.987030 333.987030 112.000000 334.549737 301.403384 93.533894

(All distances are in millimeters.)
----------------------------------------------------------------------
