----------------------------------------------------------------------
Transformation Parameters

Patient number: 002
From: pet
To: mr_T2_rectified

Point      x          y          z        new_x       new_y       new_z

1 0.000000 0.000000 0.000000 6.776125 6.368539 -12.183418
2 329.021826 0.000000 0.000000 335.797900 6.357704 -12.000810
3 0.000000 329.021826 0.000000 6.786983 335.390362 -12.225203
4 329.021826 329.021826 0.000000 335.808758 335.379527 -12.042596
5 0.000000 0.000000 112.000000 6.713966 6.382765 99.816564
6 329.021826 0.000000 112.000000 335.735741 6.371930 99.999171
7 0.000000 329.021826 112.000000 6.724824 335.404588 99.774778
8 329.021826 329.021826 112.000000 335.746598 335.393753 99.957386

(All distances are in millimeters.)
----------------------------------------------------------------------
