----------------------------------------------------------------------
Transformation Parameters

Patient number: 008
From: pet
To: mr_PD

Point      x          y          z        new_x       new_y       new_z

1 0.000000 0.000000 0.000000 1.564222 14.254524 -21.615164
2 329.021826 0.000000 0.000000 330.586017 14.286152 -21.477633
3 0.000000 329.021826 0.000000 1.532636 343.276332 -21.715844
4 329.021826 329.021826 0.000000 330.554431 343.307961 -21.578313
5 0.000000 0.000000 112.000000 1.517403 14.288791 90.384821
6 329.021826 0.000000 112.000000 330.539198 14.320419 90.522352
7 0.000000 329.021826 112.000000 1.485816 343.310600 90.284141
8 329.021826 329.021826 112.000000 330.507612 343.342228 90.421672

(All distances are in millimeters.)
----------------------------------------------------------------------
