----------------------------------------------------------------------
Transformation Parameters

Patient number: 006
From: pet
To: mr_PD

Point      x          y          z        new_x       new_y       new_z

1 0.000000 0.000000 0.000000 4.422875 1.970526 -4.246479
2 329.021826 0.000000 0.000000 333.444694 1.965581 -4.179359
3 0.000000 329.021826 0.000000 4.427810 330.992348 -4.199758
4 329.021826 329.021826 0.000000 333.449629 330.987404 -4.132637
5 0.000000 0.000000 112.000000 4.400027 1.954622 107.753517
6 329.021826 0.000000 112.000000 333.421846 1.949677 107.820638
7 0.000000 329.021826 112.000000 4.404962 330.976445 107.800239
8 329.021826 329.021826 112.000000 333.426781 330.971500 107.867359

(All distances are in millimeters.)
----------------------------------------------------------------------
