----------------------------------------------------------------------
Transformation Parameters

Patient number: 006
From: pet
To: mr_T2

Point      x          y          z        new_x       new_y       new_z

1 0.000000 0.000000 0.000000 4.424853 2.190900 -9.200984
2 329.021826 0.000000 0.000000 333.446675 2.238281 -9.175978
3 0.000000 329.021826 0.000000 4.377474 331.212722 -9.215132
4 329.021826 329.021826 0.000000 333.399295 331.260103 -9.190126
5 0.000000 0.000000 112.000000 4.416340 2.195715 102.799016
6 329.021826 0.000000 112.000000 333.438162 2.243095 102.824022
7 0.000000 329.021826 112.000000 4.368961 331.217537 102.784868
8 329.021826 329.021826 112.000000 333.390783 331.264917 102.809874

(All distances are in millimeters.)
----------------------------------------------------------------------
