----------------------------------------------------------------------
Transformation Parameters

Patient number: 004
From: ct
To: mr_T2_rectified

Point      x          y          z        new_x       new_y       new_z

1 0.000000 0.000000 0.000000 0.614420 -29.667066 -13.128372
2 333.987030 0.000000 0.000000 334.601434 -29.754896 -13.178804
3 0.000000 333.987030 0.000000 0.702258 304.319948 -13.073264
4 333.987030 333.987030 0.000000 334.689273 304.232118 -13.123696
5 0.000000 0.000000 104.000000 0.630119 -29.684230 90.871626
6 333.987030 0.000000 104.000000 334.617134 -29.772060 90.821194
7 0.000000 333.987030 104.000000 0.717958 304.302784 90.926734
8 333.987030 333.987030 104.000000 334.704972 304.214954 90.876302

(All distances are in millimeters.)
----------------------------------------------------------------------
