----------------------------------------------------------------------
Transformation Parameters

Patient number: 005
From: pet
To: mr_T2_rectified

Point      x          y          z        new_x       new_y       new_z

1 0.000000 0.000000 0.000000 50.461365 24.491446 -0.539786
2 246.766339 0.000000 0.000000 297.227539 24.523914 -0.256252
3 0.000000 246.766339 0.000000 50.428792 271.257766 -0.448976
4 246.766339 246.766339 0.000000 297.194966 271.290235 -0.165442
5 0.000000 0.000000 112.000000 50.332683 24.450213 111.460132
6 246.766339 0.000000 112.000000 297.098857 24.482681 111.743666
7 0.000000 246.766339 112.000000 50.300110 271.216533 111.550942
8 246.766339 246.766339 112.000000 297.066284 271.249002 111.834476

(All distances are in millimeters.)
----------------------------------------------------------------------
