----------------------------------------------------------------------
Transformation Parameters

Patient number: 002
From: ct
To: mr_T2_rectified

Point      x          y          z        new_x       new_y       new_z

1 0.000000 0.000000 0.000000 3.149206 -30.194852 -16.700453
2 333.987030 0.000000 0.000000 337.136234 -30.193514 -16.728842
3 0.000000 333.987030 0.000000 3.147870 303.792178 -16.676406
4 333.987030 333.987030 0.000000 337.134898 303.793516 -16.704795
5 0.000000 0.000000 112.000000 3.158726 -30.202916 95.299547
6 333.987030 0.000000 112.000000 337.145754 -30.201578 95.271158
7 0.000000 333.987030 112.000000 3.157390 303.784114 95.323594
8 333.987030 333.987030 112.000000 337.144418 303.785452 95.295205

(All distances are in millimeters.)
----------------------------------------------------------------------
