----------------------------------------------------------------------
Transformation Parameters

Patient number: 002
From: ct
To: mr_T1

Point      x          y          z        new_x       new_y       new_z

1 0.000000 0.000000 0.000000 0.523298 -25.128357 -18.774075
2 333.987030 0.000000 0.000000 334.510314 -25.035520 -18.751364
3 0.000000 333.987030 0.000000 0.430450 308.858616 -18.602405
4 333.987030 333.987030 0.000000 334.417466 308.951453 -18.579694
5 0.000000 0.000000 112.000000 0.515698 -25.185927 93.225910
6 333.987030 0.000000 112.000000 334.502714 -25.093090 93.248621
7 0.000000 333.987030 112.000000 0.422850 308.801046 93.397580
8 333.987030 333.987030 112.000000 334.409866 308.893883 93.420291

(All distances are in millimeters.)
----------------------------------------------------------------------
