----------------------------------------------------------------------
Transformation Parameters

Patient number: 004
From: ct
To: mr_T1

Point      x          y          z        new_x       new_y       new_z

1 0.000000 0.000000 0.000000 -1.068331 -29.133544 -32.676574
2 333.987030 0.000000 0.000000 332.918614 -29.365840 -32.731347
3 0.000000 333.987030 0.000000 -0.836211 304.851700 -33.743994
4 333.987030 333.987030 0.000000 333.150734 304.619404 -33.798768
5 0.000000 0.000000 104.000000 -1.051044 -28.801172 71.322894
6 333.987030 0.000000 104.000000 332.935901 -29.033468 71.268120
7 0.000000 333.987030 104.000000 -0.818924 305.184072 70.255473
8 333.987030 333.987030 104.000000 333.168021 304.951776 70.200700

(All distances are in millimeters.)
----------------------------------------------------------------------
