----------------------------------------------------------------------
Transformation Parameters

Patient number: 002
From: pet
To: mr_T1

Point      x          y          z        new_x       new_y       new_z

1 0.000000 0.000000 0.000000 1.788332 17.534573 -32.546289
2 329.021826 0.000000 0.000000 330.809375 17.183701 -31.920161
3 0.000000 329.021826 0.000000 2.139069 346.556204 -32.475220
4 329.021826 329.021826 0.000000 331.160112 346.205332 -31.849092
5 0.000000 0.000000 112.000000 1.575170 17.510608 79.453506
6 329.021826 0.000000 112.000000 330.596213 17.159736 80.079634
7 0.000000 329.021826 112.000000 1.925907 346.532239 79.524575
8 329.021826 329.021826 112.000000 330.946950 346.181367 80.150703

(All distances are in millimeters.)
----------------------------------------------------------------------
