----------------------------------------------------------------------
Transformation Parameters

Patient number: 002
From: ct
To: mr_T1_rectified

Point      x          y          z        new_x       new_y       new_z

1 0.000000 0.000000 0.000000 2.152273 -27.790183 -16.474299
2 333.987030 0.000000 0.000000 336.137929 -27.919289 -17.423488
3 0.000000 333.987030 0.000000 2.282862 306.196415 -15.952945
4 333.987030 333.987030 0.000000 336.268518 306.067308 -16.902134
5 0.000000 0.000000 112.000000 2.470508 -27.965138 95.525112
6 333.987030 0.000000 112.000000 336.456164 -28.094245 94.575923
7 0.000000 333.987030 112.000000 2.601097 306.021459 96.046466
8 333.987030 333.987030 112.000000 336.586753 305.892353 95.097277

(All distances are in millimeters.)
----------------------------------------------------------------------
