----------------------------------------------------------------------
Transformation Parameters

Patient number: 007
From: pet
To: mr_T1

Point      x          y          z        new_x       new_y       new_z

1 0.000000 0.000000 0.000000 5.541314 -2.687692 8.405700
2 329.021826 0.000000 0.000000 334.562287 -2.472983 7.687775
3 0.000000 329.021826 0.000000 5.326792 326.334053 8.491575
4 329.021826 329.021826 0.000000 334.347765 326.548762 7.773650
5 0.000000 0.000000 112.000000 5.785717 -2.716764 120.405430
6 329.021826 0.000000 112.000000 334.806690 -2.502055 119.687505
7 0.000000 329.021826 112.000000 5.571195 326.304980 120.491305
8 329.021826 329.021826 112.000000 334.592167 326.519689 119.773380

(All distances are in millimeters.)
----------------------------------------------------------------------
