----------------------------------------------------------------------
Transformation Parameters

Patient number: 005
From: ct
To: mr_T1

Point      x          y          z        new_x       new_y       new_z

1 0.000000 0.000000 0.000000 -5.554242 -33.102198 -17.819468
2 333.987030 0.000000 0.000000 328.432710 -33.059168 -17.594694
3 0.000000 333.987030 0.000000 -5.597326 300.884820 -17.737307
4 333.987030 333.987030 0.000000 328.389626 300.927849 -17.512534
5 0.000000 0.000000 128.000000 -5.640382 -33.133697 110.180500
6 333.987030 0.000000 128.000000 328.346570 -33.090668 110.405273
7 0.000000 333.987030 128.000000 -5.683466 300.853321 110.262660
8 333.987030 333.987030 128.000000 328.303486 300.896350 110.487434

(All distances are in millimeters.)
----------------------------------------------------------------------
