----------------------------------------------------------------------
Transformation Parameters

Patient number: 006
From: ct
To: mr_T2_rectified

Point      x          y          z        new_x       new_y       new_z

1 0.000000 0.000000 0.000000 -6.551067 -32.279931 -25.005401
2 333.987030 0.000000 0.000000 327.432475 -32.647060 -23.523841
3 0.000000 333.987030 0.000000 -6.185685 301.706666 -24.610629
4 333.987030 333.987030 0.000000 327.797857 301.339537 -23.129068
5 0.000000 0.000000 116.000000 -7.065791 -32.416479 90.993376
6 333.987030 0.000000 116.000000 326.917751 -32.783608 92.474937
7 0.000000 333.987030 116.000000 -6.700409 301.570118 91.388149
8 333.987030 333.987030 116.000000 327.283133 301.202989 92.869709

(All distances are in millimeters.)
----------------------------------------------------------------------
