----------------------------------------------------------------------
Transformation Parameters

Patient number: 005
From: ct
To: mr_T2_rectified

Point      x          y          z        new_x       new_y       new_z

1 0.000000 0.000000 0.000000 -5.849807 -34.985252 -16.934047
2 333.987030 0.000000 0.000000 328.134805 -34.855846 -18.198182
3 0.000000 333.987030 0.000000 -5.976722 299.001106 -16.275759
4 333.987030 333.987030 0.000000 328.007891 299.130511 -17.539894
5 0.000000 0.000000 128.000000 -5.365233 -35.237353 111.064788
6 333.987030 0.000000 128.000000 328.619380 -35.107948 109.800653
7 0.000000 333.987030 128.000000 -5.492147 298.749004 111.723076
8 333.987030 333.987030 128.000000 328.492465 298.878410 110.458941

(All distances are in millimeters.)
----------------------------------------------------------------------
