----------------------------------------------------------------------
Transformation Parameters

Patient number: 001
From: pet
To: mr_PD

Point      x          y          z        new_x       new_y       new_z

1 0.000000 0.000000 0.000000 2.416314 -23.324386 -2.047858
2 83.006561 0.000000 0.000000 85.422775 -23.363645 -1.925174
3 0.000000 83.006561 0.000000 2.455493 59.682149 -1.993737
4 83.006561 83.006561 0.000000 85.461954 59.642890 -1.871054
5 0.000000 0.000000 56.000000 2.333529 -23.360859 53.952069
6 83.006561 0.000000 56.000000 85.339990 -23.400118 54.074753
7 0.000000 83.006561 56.000000 2.372708 59.645676 54.006190
8 83.006561 83.006561 56.000000 85.379169 59.606417 54.128873

(All distances are in millimeters.)
----------------------------------------------------------------------
