----------------------------------------------------------------------
Transformation Parameters

Patient number: 007
From: ct
To: mr_T2

Point      x          y          z        new_x       new_y       new_z

1 0.000000 0.000000 0.000000 -5.108585 -21.667460 -5.406066
2 333.987030 0.000000 0.000000 328.878217 -21.763932 -5.783471
3 0.000000 333.987030 0.000000 -5.012063 312.319554 -5.362313
4 333.987030 333.987030 0.000000 328.974740 312.223081 -5.739719
5 0.000000 0.000000 108.000000 -4.986550 -21.681643 102.593865
6 333.987030 0.000000 108.000000 329.000253 -21.778116 102.216459
7 0.000000 333.987030 108.000000 -4.890027 312.305370 102.637617
8 333.987030 333.987030 108.000000 329.096776 312.208898 102.260212

(All distances are in millimeters.)
----------------------------------------------------------------------
