----------------------------------------------------------------------
Transformation Parameters

Patient number: 003
From: ct
To: mr_PD_rectified

Point      x          y          z        new_x       new_y       new_z

1 0.000000 0.000000 0.000000 2.103842 -37.384726 -52.663710
2 333.987030 0.000000 0.000000 336.090090 -37.397216 -53.386457
3 0.000000 333.987030 0.000000 2.116200 296.602299 -52.725163
4 333.987030 333.987030 0.000000 336.102447 296.589808 -53.447911
5 0.000000 0.000000 132.000000 2.389491 -37.360448 79.335979
6 333.987030 0.000000 132.000000 336.375738 -37.372939 78.613231
7 0.000000 333.987030 132.000000 2.401848 296.626576 79.274525
8 333.987030 333.987030 132.000000 336.388096 296.614086 78.551778

(All distances are in millimeters.)
----------------------------------------------------------------------
