----------------------------------------------------------------------
Transformation Parameters

Patient number: 005
From: pet
To: mr_T2

Point      x          y          z        new_x       new_y       new_z

1 0.000000 0.000000 0.000000 49.754397 27.286678 5.852412
2 246.766339 0.000000 0.000000 296.519153 27.731084 6.616393
3 0.000000 246.766339 0.000000 49.307013 274.050736 6.814551
4 246.766339 246.766339 0.000000 296.071769 274.495142 7.578533
5 0.000000 0.000000 112.000000 49.408438 26.849365 117.851023
6 246.766339 0.000000 112.000000 296.173194 27.293771 118.615005
7 0.000000 246.766339 112.000000 48.961054 273.613423 118.813163
8 246.766339 246.766339 112.000000 295.725810 274.057829 119.577144

(All distances are in millimeters.)
----------------------------------------------------------------------
