----------------------------------------------------------------------
Transformation Parameters

Patient number: 005
From: pet
To: mr_T2_rectified

Point      x          y          z        new_x       new_y       new_z

1 0.000000 0.000000 0.000000 49.511904 25.840749 8.313827
2 246.766339 0.000000 0.000000 296.277627 25.462787 8.715561
3 0.000000 246.766339 0.000000 49.890936 272.605921 7.656443
4 246.766339 246.766339 0.000000 296.656658 272.227959 8.058177
5 0.000000 0.000000 112.000000 49.330027 26.139396 120.313281
6 246.766339 0.000000 112.000000 296.095749 25.761434 120.715015
7 0.000000 246.766339 112.000000 49.709058 272.904568 119.655897
8 246.766339 246.766339 112.000000 296.474781 272.526606 120.057631

(All distances are in millimeters.)
----------------------------------------------------------------------
