----------------------------------------------------------------------
Transformation Parameters

Patient number: 006
From: ct
To: mr_T2

Point      x          y          z        new_x       new_y       new_z

1 0.000000 0.000000 0.000000 -7.133552 -30.862253 -26.861272
2 333.987030 0.000000 0.000000 326.853264 -30.588323 -26.600429
3 0.000000 333.987030 0.000000 -7.408422 303.122492 -25.656917
4 333.987030 333.987030 0.000000 326.578394 303.396423 -25.396075
5 0.000000 0.000000 116.000000 -7.223804 -31.280623 89.137939
6 333.987030 0.000000 116.000000 326.763012 -31.006692 89.398781
7 0.000000 333.987030 116.000000 -7.498674 302.704123 90.342293
8 333.987030 333.987030 116.000000 326.488142 302.978053 90.603136

(All distances are in millimeters.)
----------------------------------------------------------------------
