----------------------------------------------------------------------
Transformation Parameters

Patient number: 007
From: pet
To: mr_T1_rectified

Point      x          y          z        new_x       new_y       new_z

1 0.000000 0.000000 0.000000 5.906135 0.368801 -1.321888
2 329.021826 0.000000 0.000000 334.926949 -0.399408 -1.047486
3 0.000000 329.021826 0.000000 6.675381 329.387352 -2.572168
4 329.021826 329.021826 0.000000 335.696196 328.619143 -2.297766
5 0.000000 0.000000 112.000000 5.813722 0.794617 110.677264
6 329.021826 0.000000 112.000000 334.834536 0.026408 110.951666
7 0.000000 329.021826 112.000000 6.582969 329.813168 109.426984
8 329.021826 329.021826 112.000000 335.603783 329.044959 109.701386

(All distances are in millimeters.)
----------------------------------------------------------------------
