----------------------------------------------------------------------
Transformation Parameters

Patient number: 001
From: pet
To: mr_PD_rectified

Point      x          y          z        new_x       new_y       new_z

1 0.000000 0.000000 0.000000 -5.831619 -17.254792 -59.615988
2 329.021826 0.000000 0.000000 323.189831 -17.438438 -59.154371
3 0.000000 329.021826 0.000000 -5.648354 311.766871 -59.343887
4 329.021826 329.021826 0.000000 323.373097 311.583224 -58.882270
5 0.000000 0.000000 112.000000 -5.988807 -17.347328 52.383864
6 329.021826 0.000000 112.000000 323.032644 -17.530975 52.845481
7 0.000000 329.021826 112.000000 -5.805542 311.674334 52.655965
8 329.021826 329.021826 112.000000 323.215909 311.490687 53.117582

(All distances are in millimeters.)
----------------------------------------------------------------------
