----------------------------------------------------------------------
Transformation Parameters

Patient number: 001
From: ct
To: mr_T2

Point      x          y          z        new_x       new_y       new_z

1 0.000000 0.000000 0.000000 1.612881 -25.506561 -2.151292
2 333.987030 0.000000 0.000000 335.599283 -25.308639 -2.768498
3 0.000000 333.987030 0.000000 1.416163 308.479774 -1.499350
4 333.987030 333.987030 0.000000 335.402565 308.677697 -2.116556
5 0.000000 0.000000 108.000000 1.812589 -25.717259 105.848318
6 333.987030 0.000000 108.000000 335.798991 -25.519336 105.231112
7 0.000000 333.987030 108.000000 1.615871 308.269077 106.500260
8 333.987030 333.987030 108.000000 335.602273 308.466999 105.883054

(All distances are in millimeters.)
----------------------------------------------------------------------
