----------------------------------------------------------------------
Transformation Parameters

Patient number: 005
From: pet
To: mr_PD

Point      x          y          z        new_x       new_y       new_z

1 0.000000 0.000000 0.000000 49.947768 27.882523 5.573822
2 246.766339 0.000000 0.000000 296.711294 27.350915 6.625290
3 0.000000 246.766339 0.000000 50.478562 274.648216 5.765806
4 246.766339 246.766339 0.000000 297.242088 274.116609 6.817274
5 0.000000 0.000000 112.000000 49.470351 27.796414 117.572772
6 246.766339 0.000000 112.000000 296.233877 27.264807 118.624240
7 0.000000 246.766339 112.000000 50.001145 274.562108 117.764756
8 246.766339 246.766339 112.000000 296.764671 274.030500 118.816224

(All distances are in millimeters.)
----------------------------------------------------------------------
