----------------------------------------------------------------------
Transformation Parameters

Patient number: 006
From: ct
To: mr_PD

Point      x          y          z        new_x       new_y       new_z

1 0.000000 0.000000 0.000000 -8.704162 -31.683044 -25.613098
2 333.987030 0.000000 0.000000 325.282401 -32.111090 -25.972802
3 0.000000 333.987030 0.000000 -8.275657 302.303440 -25.187265
4 333.987030 333.987030 0.000000 325.710905 301.875394 -25.546968
5 0.000000 0.000000 116.000000 -8.579419 -31.831104 90.386740
6 333.987030 0.000000 116.000000 325.407143 -32.259150 90.027037
7 0.000000 333.987030 116.000000 -8.150914 302.155380 90.812574
8 333.987030 333.987030 116.000000 325.835648 301.727334 90.452870

(All distances are in millimeters.)
----------------------------------------------------------------------
