----------------------------------------------------------------------
Transformation Parameters

Patient number: 009
From: pet
To: mr_PD

Point      x          y          z        new_x       new_y       new_z

1 0.000000 0.000000 0.000000 9.793921 -8.696482 -15.560167
2 329.021826 0.000000 0.000000 338.813535 -8.390575 -14.393130
3 0.000000 329.021826 0.000000 9.488918 320.325104 -15.815488
4 329.021826 329.021826 0.000000 338.508532 320.631010 -14.648451
5 0.000000 0.000000 112.000000 9.396578 -8.609939 96.439095
6 329.021826 0.000000 112.000000 338.416192 -8.304032 97.606132
7 0.000000 329.021826 112.000000 9.091575 320.411647 96.183774
8 329.021826 329.021826 112.000000 338.111188 320.717554 97.350811

(All distances are in millimeters.)
----------------------------------------------------------------------
