----------------------------------------------------------------------
Transformation Parameters

Patient number: 001
From: pet
To: mr_T2

Point      x          y          z        new_x       new_y       new_z

1 0.000000 0.000000 0.000000 8.181482 -12.865765 2.003625
2 329.021826 0.000000 0.000000 337.202763 -12.753750 1.415335
3 0.000000 329.021826 0.000000 8.068956 316.155918 1.718034
4 329.021826 329.021826 0.000000 337.090237 316.267932 1.129744
5 0.000000 0.000000 112.000000 8.381705 -12.768481 114.003404
6 329.021826 0.000000 112.000000 337.402985 -12.656466 113.415114
7 0.000000 329.021826 112.000000 8.269179 316.253202 113.717813
8 329.021826 329.021826 112.000000 337.290460 316.365217 113.129523

(All distances are in millimeters.)
----------------------------------------------------------------------
