----------------------------------------------------------------------
Transformation Parameters

Patient number: 006
From: ct
To: mr_T1

Point      x          y          z        new_x       new_y       new_z

1 0.000000 0.000000 0.000000 -8.531578 -30.152460 -25.344048
2 333.987030 0.000000 0.000000 325.455081 -30.115808 -24.847410
3 0.000000 333.987030 0.000000 -8.569318 303.833765 -24.611949
4 333.987030 333.987030 0.000000 325.417341 303.870417 -24.115311
5 0.000000 0.000000 116.000000 -8.704041 -30.406751 90.655545
6 333.987030 0.000000 116.000000 325.282618 -30.370099 91.152183
7 0.000000 333.987030 116.000000 -8.741781 303.579474 91.387644
8 333.987030 333.987030 116.000000 325.244878 303.616126 91.884282

(All distances are in millimeters.)
----------------------------------------------------------------------
