----------------------------------------------------------------------
Transformation Parameters

Patient number: 007
From: pet
To: mr_T2

Point      x          y          z        new_x       new_y       new_z

1 0.000000 0.000000 0.000000 8.756982 -6.167020 6.017906
2 329.021826 0.000000 0.000000 337.778782 -6.298955 6.016590
3 0.000000 329.021826 0.000000 8.888920 322.853692 6.863492
4 329.021826 329.021826 0.000000 337.910719 322.721758 6.862175
5 0.000000 0.000000 112.000000 8.757315 -6.454860 118.017537
6 329.021826 0.000000 112.000000 337.779114 -6.586795 118.016220
7 0.000000 329.021826 112.000000 8.889252 322.565853 118.863122
8 329.021826 329.021826 112.000000 337.911052 322.433918 118.861806

(All distances are in millimeters.)
----------------------------------------------------------------------
