----------------------------------------------------------------------
Transformation Parameters

Patient number: 007
From: pet
To: mr_PD

Point      x          y          z        new_x       new_y       new_z

1 0.000000 0.000000 0.000000 5.512107 -8.681786 9.654090
2 329.021826 0.000000 0.000000 334.533513 -8.882776 10.140055
3 0.000000 329.021826 0.000000 5.713139 320.339977 9.625794
4 329.021826 329.021826 0.000000 334.734545 320.138987 10.111759
5 0.000000 0.000000 112.000000 5.346689 -8.672053 121.653967
6 329.021826 0.000000 112.000000 334.368094 -8.873043 122.139932
7 0.000000 329.021826 112.000000 5.547721 320.349710 121.625671
8 329.021826 329.021826 112.000000 334.569127 320.148720 122.111636

(All distances are in millimeters.)
----------------------------------------------------------------------
