----------------------------------------------------------------------
Transformation Parameters

Patient number: 002
From: ct
To: mr_T2

Point      x          y          z        new_x       new_y       new_z

1 0.000000 0.000000 0.000000 -0.686795 -32.574299 -21.317912
2 333.987030 0.000000 0.000000 333.299064 -33.163238 -21.977535
3 0.000000 333.987030 0.000000 -0.098979 301.411730 -21.886358
4 333.987030 333.987030 0.000000 333.886880 300.822791 -22.545981
5 0.000000 0.000000 112.000000 -0.465260 -32.384065 90.681707
6 333.987030 0.000000 112.000000 333.520599 -32.973004 90.022084
7 0.000000 333.987030 112.000000 0.122556 301.601964 90.113261
8 333.987030 333.987030 112.000000 334.108415 301.013025 89.453638

(All distances are in millimeters.)
----------------------------------------------------------------------
