----------------------------------------------------------------------
Transformation Parameters

Patient number: 004
From: ct
To: mr_T1_rectified

Point      x          y          z        new_x       new_y       new_z

1 0.000000 0.000000 0.000000 -0.337238 -29.984779 -34.080972
2 333.987030 0.000000 0.000000 333.649261 -30.334972 -34.562914
3 0.000000 333.987030 0.000000 0.011778 304.001073 -34.896234
4 333.987030 333.987030 0.000000 333.998276 303.650881 -35.378176
5 0.000000 0.000000 104.000000 -0.186900 -29.731073 69.918610
6 333.987030 0.000000 104.000000 333.799598 -30.081265 69.436668
7 0.000000 333.987030 104.000000 0.162115 304.254780 69.103348
8 333.987030 333.987030 104.000000 334.148614 303.904587 68.621406

(All distances are in millimeters.)
----------------------------------------------------------------------
