----------------------------------------------------------------------
Transformation Parameters

Patient number: 005
From: ct
To: mr_T2

Point      x          y          z        new_x       new_y       new_z

1 0.000000 0.000000 0.000000 -6.558072 -32.362848 -17.760095
2 333.987030 0.000000 0.000000 327.428550 -32.308960 -17.240745
3 0.000000 333.987030 0.000000 -6.612178 301.624148 -17.620155
4 333.987030 333.987030 0.000000 327.374444 301.678036 -17.100805
5 0.000000 0.000000 128.000000 -6.757104 -32.416512 110.239739
6 333.987030 0.000000 128.000000 327.229518 -32.362624 110.759089
7 0.000000 333.987030 128.000000 -6.811209 301.570484 110.379679
8 333.987030 333.987030 128.000000 327.175412 301.624372 110.899029

(All distances are in millimeters.)
----------------------------------------------------------------------
