----------------------------------------------------------------------
Transformation Parameters

Patient number: 005
From: pet
To: mr_T1

Point      x          y          z        new_x       new_y       new_z

1 0.000000 0.000000 0.000000 49.383304 25.481527 4.304285
2 246.766339 0.000000 0.000000 296.148404 26.013151 4.878015
3 0.000000 246.766339 0.000000 48.850537 272.246801 4.795844
4 246.766339 246.766339 0.000000 295.615636 272.778425 5.369574
5 0.000000 0.000000 112.000000 49.123387 25.257862 116.303760
6 246.766339 0.000000 112.000000 295.888486 25.789486 116.877490
7 0.000000 246.766339 112.000000 48.590620 272.023136 116.795319
8 246.766339 246.766339 112.000000 295.355719 272.554760 117.369049

(All distances are in millimeters.)
----------------------------------------------------------------------
