----------------------------------------------------------------------
Transformation Parameters

Patient number: 004
From: ct
To: mr_T2

Point      x          y          z        new_x       new_y       new_z

1 0.000000 0.000000 0.000000 -1.106898 -30.593324 -39.263930
2 333.987030 0.000000 0.000000 332.879839 -30.726667 -38.842773
3 0.000000 333.987030 0.000000 -0.974306 303.393149 -38.668431
4 333.987030 333.987030 0.000000 333.012432 303.259805 -38.247274
5 0.000000 0.000000 104.000000 -1.238116 -30.778703 64.735822
6 333.987030 0.000000 104.000000 332.748622 -30.912047 65.156979
7 0.000000 333.987030 104.000000 -1.105523 303.207769 65.331321
8 333.987030 333.987030 104.000000 332.881214 303.074426 65.752478

(All distances are in millimeters.)
----------------------------------------------------------------------
