----------------------------------------------------------------------
Transformation Parameters

Patient number: 006
From: pet
To: mr_T2_rectified

Point      x          y          z        new_x       new_y       new_z

1 0.000000 0.000000 0.000000 15.889085 3.425542 -53.495704
2 329.021826 0.000000 0.000000 344.908828 4.005262 -52.478700
3 0.000000 329.021826 0.000000 15.309020 332.446838 -53.385153
4 329.021826 329.021826 0.000000 344.328763 333.026558 -52.368148
5 0.000000 0.000000 112.000000 15.542961 3.387300 58.503754
6 329.021826 0.000000 112.000000 344.562704 3.967020 59.520759
7 0.000000 329.021826 112.000000 14.962895 332.408595 58.614306
8 329.021826 329.021826 112.000000 343.982639 332.988316 59.631310

(All distances are in millimeters.)
----------------------------------------------------------------------
