----------------------------------------------------------------------
Transformation Parameters

Patient number: 007
From: ct
To: mr_T1_rectified

Point      x          y          z        new_x       new_y       new_z

1 0.000000 0.000000 0.000000 -3.876487 -21.487511 -6.061982
2 333.987030 0.000000 0.000000 330.110328 -21.792371 -5.837543
3 0.000000 333.987030 0.000000 -3.571557 312.499363 -6.166520
4 333.987030 333.987030 0.000000 330.415258 312.194503 -5.942081
5 0.000000 0.000000 108.000000 -3.949032 -21.453641 101.937989
6 333.987030 0.000000 108.000000 330.037783 -21.758501 102.162428
7 0.000000 333.987030 108.000000 -3.644102 312.533233 101.833451
8 333.987030 333.987030 108.000000 330.342713 312.228373 102.057890

(All distances are in millimeters.)
----------------------------------------------------------------------
