----------------------------------------------------------------------
Transformation Parameters

Patient number: 002
From: pet
To: mr_T1_rectified

Point      x          y          z        new_x       new_y       new_z

1 0.000000 0.000000 0.000000 4.264744 -6.060773 -31.762290
2 329.021826 0.000000 0.000000 333.277875 -6.114114 -29.370983
3 0.000000 329.021826 0.000000 4.314755 322.960730 -31.303963
4 329.021826 329.021826 0.000000 333.327887 322.907389 -28.912655
5 0.000000 0.000000 112.000000 3.450711 -6.216661 80.234643
6 329.021826 0.000000 112.000000 332.463843 -6.270002 82.625951
7 0.000000 329.021826 112.000000 3.500723 322.804842 80.692971
8 329.021826 329.021826 112.000000 332.513854 322.751501 83.084278

(All distances are in millimeters.)
----------------------------------------------------------------------
