----------------------------------------------------------------------
Transformation Parameters

Patient number: 003
From: ct
To: mr_T2_rectified

Point      x          y          z        new_x       new_y       new_z

1 0.000000 0.000000 0.000000 1.111180 -31.431175 -35.629364
2 333.987030 0.000000 0.000000 335.097850 -31.890113 -35.802702
3 0.000000 333.987030 0.000000 1.569743 302.554764 -36.349439
4 333.987030 333.987030 0.000000 335.556413 302.095826 -36.522778
5 0.000000 0.000000 132.000000 1.180079 -31.146678 96.370312
6 333.987030 0.000000 132.000000 335.166749 -31.605616 96.196973
7 0.000000 333.987030 132.000000 1.638642 302.839261 95.650236
8 333.987030 333.987030 132.000000 335.625312 302.380323 95.476898

(All distances are in millimeters.)
----------------------------------------------------------------------
