----------------------------------------------------------------------
Transformation Parameters

Patient number: 007
From: pet
To: mr_PD_rectified

Point      x          y          z        new_x       new_y       new_z

1 0.000000 0.000000 0.000000 6.968711 8.947203 -46.107156
2 329.021826 0.000000 0.000000 335.990023 9.037947 -45.532684
3 0.000000 329.021826 0.000000 6.877901 337.969015 -46.069318
4 329.021826 329.021826 0.000000 335.899213 338.059758 -45.494847
5 0.000000 0.000000 112.000000 6.773163 8.934269 65.892673
6 329.021826 0.000000 112.000000 335.794475 9.025013 66.467144
7 0.000000 329.021826 112.000000 6.682353 337.956081 65.930510
8 329.021826 329.021826 112.000000 335.703665 338.046824 66.504982

(All distances are in millimeters.)
----------------------------------------------------------------------
