----------------------------------------------------------------------
Transformation Parameters

Patient number: 005
From: pet
To: mr_PD_rectified

Point      x          y          z        new_x       new_y       new_z

1 0.000000 0.000000 0.000000 51.224531 26.040973 7.274063
2 246.766339 0.000000 0.000000 297.986714 27.374341 6.751166
3 0.000000 246.766339 0.000000 49.890274 272.803349 6.854807
4 246.766339 246.766339 0.000000 296.652457 274.136716 6.331910
5 0.000000 0.000000 112.000000 51.460827 26.232541 119.273650
6 246.766339 0.000000 112.000000 298.223009 27.565908 118.750753
7 0.000000 246.766339 112.000000 50.126569 272.994917 118.854394
8 246.766339 246.766339 112.000000 296.888752 274.328284 118.331497

(All distances are in millimeters.)
----------------------------------------------------------------------
