----------------------------------------------------------------------
Transformation Parameters

Patient number: 003
From: ct
To: mr_T1

Point      x          y          z        new_x       new_y       new_z

1 0.000000 0.000000 0.000000 -1.834845 -29.741753 -34.549405
2 333.987030 0.000000 0.000000 332.150926 -30.216259 -35.333938
3 0.000000 333.987030 0.000000 -1.358914 304.244388 -33.943218
4 333.987030 333.987030 0.000000 332.626857 303.769882 -34.727752
5 0.000000 0.000000 132.000000 -1.525119 -29.981774 97.450014
6 333.987030 0.000000 132.000000 332.460652 -30.456280 96.665480
7 0.000000 333.987030 132.000000 -1.049188 304.004367 98.056200
8 333.987030 333.987030 132.000000 332.936583 303.529861 97.271667

(All distances are in millimeters.)
----------------------------------------------------------------------
