----------------------------------------------------------------------
Transformation Parameters

Patient number: 001
From: ct
To: mr_PD

Point      x          y          z        new_x       new_y       new_z

1 0.000000 0.000000 0.000000 -0.340027 -23.264145 -4.567091
2 333.987030 0.000000 0.000000 333.646402 -23.656291 -5.065065
3 0.000000 333.987030 0.000000 0.052408 310.722599 -4.374047
4 333.987030 333.987030 0.000000 334.038836 310.330452 -4.872021
5 0.000000 0.000000 108.000000 -0.179072 -23.326758 103.432771
6 333.987030 0.000000 108.000000 333.807356 -23.718905 102.934797
7 0.000000 333.987030 108.000000 0.213362 310.659986 103.625815
8 333.987030 333.987030 108.000000 334.199791 310.267839 103.127841

(All distances are in millimeters.)
----------------------------------------------------------------------
