----------------------------------------------------------------------
Transformation Parameters

Patient number: 005
From: ct
To: mr_PD

Point      x          y          z        new_x       new_y       new_z

1 0.000000 0.000000 0.000000 -6.030240 -31.160694 -17.437418
2 333.987030 0.000000 0.000000 327.956578 -31.262322 -17.799460
3 0.000000 333.987030 0.000000 -5.928040 302.825902 -16.909051
4 333.987030 333.987030 0.000000 328.058778 302.724275 -17.271092
5 0.000000 0.000000 128.000000 -5.891550 -31.363233 110.562346
6 333.987030 0.000000 128.000000 328.095268 -31.464860 110.200305
7 0.000000 333.987030 128.000000 -5.789350 302.623364 111.090714
8 333.987030 333.987030 128.000000 328.197468 302.521737 110.728672

(All distances are in millimeters.)
----------------------------------------------------------------------
