----------------------------------------------------------------------
Transformation Parameters

Patient number: 002
From: ct
To: mr_PD_rectified

Point      x          y          z        new_x       new_y       new_z

1 0.000000 0.000000 0.000000 2.248901 -31.813191 -17.849842
2 333.987030 0.000000 0.000000 336.234104 -31.391210 -18.870831
3 0.000000 333.987030 0.000000 1.830753 302.171227 -16.596725
4 333.987030 333.987030 0.000000 335.815955 302.593207 -17.617715
5 0.000000 0.000000 112.000000 2.591811 -32.232983 94.148847
6 333.987030 0.000000 112.000000 336.577013 -31.811002 93.127857
7 0.000000 333.987030 112.000000 2.173662 301.751434 95.401963
8 333.987030 333.987030 112.000000 336.158865 302.173415 94.380974

(All distances are in millimeters.)
----------------------------------------------------------------------
