----------------------------------------------------------------------
Transformation Parameters

Patient number: 005
From: ct
To: mr_PD_rectified

Point      x          y          z        new_x       new_y       new_z

1 0.000000 0.000000 0.000000 -6.205358 -31.842529 -18.274045
2 333.987030 0.000000 0.000000 327.780733 -32.634104 -18.264025
3 0.000000 333.987030 0.000000 -5.413813 302.142376 -17.383636
4 333.987030 333.987030 0.000000 328.572279 301.350801 -17.373617
5 0.000000 0.000000 128.000000 -6.210007 -32.183767 109.725501
6 333.987030 0.000000 128.000000 327.776085 -32.975342 109.735520
7 0.000000 333.987030 128.000000 -5.418461 301.801138 110.615909
8 333.987030 333.987030 128.000000 328.567630 301.009563 110.625929

(All distances are in millimeters.)
----------------------------------------------------------------------
