----------------------------------------------------------------------
Transformation Parameters

Patient number: 007
From: ct
To: mr_PD

Point      x          y          z        new_x       new_y       new_z

1 0.000000 0.000000 0.000000 -7.190860 -21.624445 -5.821575
2 333.987030 0.000000 0.000000 326.796023 -21.937669 -5.838608
3 0.000000 333.987030 0.000000 -6.877582 312.360595 -4.712072
4 333.987030 333.987030 0.000000 327.109301 312.047372 -4.729105
5 0.000000 0.000000 108.000000 -7.185689 -21.983226 102.177829
6 333.987030 0.000000 108.000000 326.801194 -22.296449 102.160796
7 0.000000 333.987030 108.000000 -6.872411 312.001815 103.287332
8 333.987030 333.987030 108.000000 327.114472 311.688591 103.270299

(All distances are in millimeters.)
----------------------------------------------------------------------
