----------------------------------------------------------------------
Transformation Parameters

Patient number: 008
From: pet
To: mr_PD

Point      x          y          z        new_x       new_y       new_z

1 0.000000 0.000000 0.000000 7.189923 14.898309 -13.655553
2 329.021826 0.000000 0.000000 336.199864 15.200325 -16.435755
3 0.000000 329.021826 0.000000 6.887552 343.919994 -13.696352
4 329.021826 329.021826 0.000000 335.897493 344.222009 -16.476553
5 0.000000 0.000000 112.000000 8.136299 14.913067 98.340447
6 329.021826 0.000000 112.000000 337.146240 15.215082 95.560246
7 0.000000 329.021826 112.000000 7.833928 343.934751 98.299649
8 329.021826 329.021826 112.000000 336.843869 344.236766 95.519447

(All distances are in millimeters.)
----------------------------------------------------------------------
