----------------------------------------------------------------------
Transformation Parameters

Patient number: 006
From: pet
To: mr_T2

Point      x          y          z        new_x       new_y       new_z

1 0.000000 0.000000 0.000000 7.146349 1.404400 -0.301955
2 329.021826 0.000000 0.000000 336.166268 1.879426 0.712741
3 0.000000 329.021826 0.000000 6.667955 330.424065 0.790395
4 329.021826 329.021826 0.000000 335.687873 330.899091 1.805091
5 0.000000 0.000000 112.000000 6.801483 1.032061 111.696895
6 329.021826 0.000000 112.000000 335.821401 1.507087 112.711591
7 0.000000 329.021826 112.000000 6.323088 330.051725 112.789245
8 329.021826 329.021826 112.000000 335.343006 330.526752 113.803941

(All distances are in millimeters.)
----------------------------------------------------------------------
