----------------------------------------------------------------------
Transformation Parameters

Patient number: 004
From: ct
To: mr_PD

Point      x          y          z        new_x       new_y       new_z

1 0.000000 0.000000 0.000000 -0.950167 -27.880935 -34.615480
2 333.987030 0.000000 0.000000 333.035118 -28.323440 -33.630555
3 0.000000 333.987030 0.000000 -0.509305 306.105339 -34.057722
4 333.987030 333.987030 0.000000 333.475980 305.662833 -33.072797
5 0.000000 0.000000 104.000000 -1.257092 -28.054209 69.383923
6 333.987030 0.000000 104.000000 332.728193 -28.496715 70.368848
7 0.000000 333.987030 104.000000 -0.816229 305.932064 69.941681
8 333.987030 333.987030 104.000000 333.169055 305.489559 70.926606

(All distances are in millimeters.)
----------------------------------------------------------------------
