----------------------------------------------------------------------
Transformation Parameters

Patient number: 007
From: ct
To: mr_T1

Point      x          y          z        new_x       new_y       new_z

1 0.000000 0.000000 0.000000 -6.598929 -22.574379 -5.101926
2 333.987030 0.000000 0.000000 327.387975 -22.836148 -5.227171
3 0.000000 333.987030 0.000000 -6.337083 311.412486 -4.898194
4 333.987030 333.987030 0.000000 327.649821 311.150717 -5.023439
5 0.000000 0.000000 108.000000 -6.558481 -22.640291 102.898047
6 333.987030 0.000000 108.000000 327.428423 -22.902060 102.772802
7 0.000000 333.987030 108.000000 -6.296635 311.346574 103.101779
8 333.987030 333.987030 108.000000 327.690269 311.084805 102.976534

(All distances are in millimeters.)
----------------------------------------------------------------------
