----------------------------------------------------------------------
Transformation Parameters

Patient number: 002
From: ct
To: mr_T1_rectified

Point      x          y          z        new_x       new_y       new_z

1 0.000000 0.000000 0.000000 3.077252 -27.270734 -18.102348
2 333.987030 0.000000 0.000000 337.062994 -26.445478 -18.525499
3 0.000000 333.987030 0.000000 2.254997 306.706993 -15.749095
4 333.987030 333.987030 0.000000 336.240740 307.532249 -16.172246
5 0.000000 0.000000 112.000000 3.221098 -28.059527 93.894782
6 333.987030 0.000000 112.000000 337.206841 -27.234271 93.471631
7 0.000000 333.987030 112.000000 2.398844 305.918200 96.248035
8 333.987030 333.987030 112.000000 336.384586 306.743456 95.824884

(All distances are in millimeters.)
----------------------------------------------------------------------
