----------------------------------------------------------------------
Transformation Parameters

Patient number: 007
From: ct
To: mr_T2_rectified

Point      x          y          z        new_x       new_y       new_z

1 0.000000 0.000000 0.000000 -4.208086 -21.439259 -7.796675
2 333.987030 0.000000 0.000000 329.773484 -21.525411 -9.704458
3 0.000000 333.987030 0.000000 -4.089538 312.499564 -2.123510
4 333.987030 333.987030 0.000000 329.892033 312.413411 -4.031293
5 0.000000 0.000000 108.000000 -3.591737 -23.273955 100.185981
6 333.987030 0.000000 108.000000 330.389834 -23.360108 98.278198
7 0.000000 333.987030 108.000000 -3.473188 310.664867 105.859146
8 333.987030 333.987030 108.000000 330.508382 310.578715 103.951363

(All distances are in millimeters.)
----------------------------------------------------------------------
