----------------------------------------------------------------------
Transformation Parameters

Patient number: 002
From: ct
To: mr_PD

Point      x          y          z        new_x       new_y       new_z

1 0.000000 0.000000 0.000000 0.515700 -32.258989 -19.371736
2 333.987030 0.000000 0.000000 334.502718 -32.304924 -19.294921
3 0.000000 333.987030 0.000000 0.561121 301.720587 -17.140719
4 333.987030 333.987030 0.000000 334.548140 301.674651 -17.063904
5 0.000000 0.000000 112.000000 0.489839 -33.007139 92.625762
6 333.987030 0.000000 112.000000 334.476857 -33.053075 92.702577
7 0.000000 333.987030 112.000000 0.535260 300.972436 94.856779
8 333.987030 333.987030 112.000000 334.522278 300.926501 94.933594

(All distances are in millimeters.)
----------------------------------------------------------------------
