----------------------------------------------------------------------
Transformation Parameters

Patient number: 006
From: ct
To: mr_T1

Point      x          y          z        new_x       new_y       new_z

1 0.000000 0.000000 0.000000 -10.184159 -28.677766 -16.105059
2 333.987030 0.000000 0.000000 323.771142 -33.261481 -15.677563
3 0.000000 333.987030 0.000000 -5.603085 305.271846 -14.103487
4 333.987030 333.987030 0.000000 328.352216 300.688132 -13.675991
5 0.000000 0.000000 116.000000 -10.342160 -29.370848 99.892763
6 333.987030 0.000000 116.000000 323.613141 -33.954562 100.320259
7 0.000000 333.987030 116.000000 -5.761086 304.578765 101.894335
8 333.987030 333.987030 116.000000 328.194215 299.995050 102.321831

(All distances are in millimeters.)
----------------------------------------------------------------------
