----------------------------------------------------------------------
Transformation Parameters

Patient number: 002
From: pet
To: mr_PD_rectified

Point      x          y          z        new_x       new_y       new_z

1 0.000000 0.000000 0.000000 7.701992 6.408338 -17.170545
2 329.021826 0.000000 0.000000 336.539648 5.552287 -6.196714
3 0.000000 329.021826 0.000000 8.390224 335.390839 -12.130457
4 329.021826 329.021826 0.000000 337.227880 334.534788 -1.156626
5 0.000000 0.000000 112.000000 3.962450 4.701452 94.753994
6 329.021826 0.000000 112.000000 332.800106 3.845401 105.727825
7 0.000000 329.021826 112.000000 4.650682 333.683952 99.794082
8 329.021826 329.021826 112.000000 333.488338 332.827901 110.767913

(All distances are in millimeters.)
----------------------------------------------------------------------
