----------------------------------------------------------------------
Transformation Parameters

Patient number: 007
From: ct
To: mr_PD_rectified

Point      x          y          z        new_x       new_y       new_z

1 0.000000 0.000000 0.000000 -3.942712 -21.869808 -6.234962
2 333.987030 0.000000 0.000000 330.041430 -21.854640 -7.623650
3 0.000000 333.987030 0.000000 -3.949392 312.110984 -4.193646
4 333.987030 333.987030 0.000000 330.034751 312.126151 -5.582334
5 0.000000 0.000000 108.000000 -3.493637 -22.529885 101.762088
6 333.987030 0.000000 108.000000 330.490506 -22.514718 100.373400
7 0.000000 333.987030 108.000000 -3.500316 311.450907 103.803404
8 333.987030 333.987030 108.000000 330.483826 311.466074 102.414716

(All distances are in millimeters.)
----------------------------------------------------------------------
