----------------------------------------------------------------------
Transformation Parameters

Patient number: 002
From: ct
To: mr_T2_rectified

Point      x          y          z        new_x       new_y       new_z

1 0.000000 0.000000 0.000000 3.065490 -29.683215 -19.562451
2 333.987030 0.000000 0.000000 337.051873 -30.124380 -19.074579
3 0.000000 333.987030 0.000000 3.497596 304.246895 -13.411760
4 333.987030 333.987030 0.000000 337.483978 303.805731 -12.923888
5 0.000000 0.000000 112.000000 2.899190 -31.745587 92.418436
6 333.987030 0.000000 112.000000 336.885572 -32.186751 92.906308
7 0.000000 333.987030 112.000000 3.331295 302.184524 98.569127
8 333.987030 333.987030 112.000000 337.317678 301.743359 99.056999

(All distances are in millimeters.)
----------------------------------------------------------------------
