----------------------------------------------------------------------
Transformation Parameters

Patient number: 002
From: ct
To: mr_T1

Point      x          y          z        new_x       new_y       new_z

1 0.000000 0.000000 0.000000 -0.174738 -25.108471 -2.482588
2 333.987030 0.000000 0.000000 333.809389 -26.474620 -2.212059
3 0.000000 333.987030 0.000000 1.191931 308.875142 -3.126514
4 333.987030 333.987030 0.000000 335.176057 307.508993 -2.855985
5 0.000000 0.000000 112.000000 -0.264573 -24.892165 109.517167
6 333.987030 0.000000 112.000000 333.719553 -26.258314 109.787696
7 0.000000 333.987030 112.000000 1.102095 309.091448 108.873241
8 333.987030 333.987030 112.000000 335.086222 307.725299 109.143770

(All distances are in millimeters.)
----------------------------------------------------------------------
