----------------------------------------------------------------------
Transformation Parameters

Patient number: 008
From: pet
To: mr_T2

Point      x          y          z        new_x       new_y       new_z

1 0.000000 0.000000 0.000000 1.113830 17.632688 -27.899436
2 329.021826 0.000000 0.000000 329.777055 9.613039 -14.802420
3 0.000000 329.021826 0.000000 9.023429 346.546510 -24.984340
4 329.021826 329.021826 0.000000 337.686654 338.526861 -11.887325
5 0.000000 0.000000 112.000000 -3.367156 16.748638 84.007397
6 329.021826 0.000000 112.000000 325.296069 8.728989 97.104412
7 0.000000 329.021826 112.000000 4.542443 345.662460 86.922492
8 329.021826 329.021826 112.000000 333.205668 337.642811 100.019508

(All distances are in millimeters.)
----------------------------------------------------------------------
