----------------------------------------------------------------------
Transformation Parameters

Patient number: 006
From: pet
To: mr_T1

Point      x          y          z        new_x       new_y       new_z

1 0.000000 0.000000 0.000000 5.961497 0.476910 -4.782438
2 329.021826 0.000000 0.000000 334.966290 2.666867 -2.250317
3 0.000000 329.021826 0.000000 3.777142 329.490662 -5.518130
4 329.021826 329.021826 0.000000 332.781936 331.680619 -2.986009
5 0.000000 0.000000 112.000000 5.097910 0.721607 107.213965
6 329.021826 0.000000 112.000000 334.102703 2.911563 109.746086
7 0.000000 329.021826 112.000000 2.913555 329.735359 106.478273
8 329.021826 329.021826 112.000000 331.918349 331.925316 109.010394

(All distances are in millimeters.)
----------------------------------------------------------------------
