----------------------------------------------------------------------
Transformation Parameters

Patient number: 007
From: pet
To: mr_PD_rectified

Point      x          y          z        new_x       new_y       new_z

1 0.000000 0.000000 0.000000 12.576024 -4.390276 0.230618
2 329.021826 0.000000 0.000000 341.234993 0.722332 14.808186
3 0.000000 329.021826 0.000000 7.713008 324.545804 -5.493743
4 329.021826 329.021826 0.000000 336.371976 329.658412 9.083825
5 0.000000 0.000000 112.000000 7.584791 -2.517178 112.103667
6 329.021826 0.000000 112.000000 336.243760 2.595430 126.681235
7 0.000000 329.021826 112.000000 2.721775 326.418902 106.379306
8 329.021826 329.021826 112.000000 331.380744 331.531510 120.956874

(All distances are in millimeters.)
----------------------------------------------------------------------
