----------------------------------------------------------------------
Transformation Parameters

Patient number: 007
From: pet
To: mr_T1_rectified

Point      x          y          z        new_x       new_y       new_z

1 0.000000 0.000000 0.000000 5.825554 0.460322 -2.136130
2 329.021826 0.000000 0.000000 334.798612 -5.200501 -1.925886
3 0.000000 329.021826 0.000000 11.485742 329.432063 -1.178020
4 329.021826 329.021826 0.000000 340.458800 323.771240 -0.967776
5 0.000000 0.000000 112.000000 5.748386 0.135458 109.863372
6 329.021826 0.000000 112.000000 334.721444 -5.525365 110.073616
7 0.000000 329.021826 112.000000 11.408574 329.107199 110.821482
8 329.021826 329.021826 112.000000 340.381632 323.446376 111.031726

(All distances are in millimeters.)
----------------------------------------------------------------------
