----------------------------------------------------------------------
Transformation Parameters

Patient number: 005
From: ct
To: mr_T1_rectified

Point      x          y          z        new_x       new_y       new_z

1 0.000000 0.000000 0.000000 -4.431341 -33.778517 -18.301116
2 333.987030 0.000000 0.000000 329.547023 -31.508848 -19.099661
3 0.000000 333.987030 0.000000 -6.695706 300.193589 -16.100825
4 333.987030 333.987030 0.000000 327.282657 302.463258 -16.899370
5 0.000000 0.000000 128.000000 -4.119583 -34.619678 109.695740
6 333.987030 0.000000 128.000000 329.858780 -32.350009 108.897195
7 0.000000 333.987030 128.000000 -6.383948 299.352428 111.896031
8 333.987030 333.987030 128.000000 327.594415 301.622097 111.097486

(All distances are in millimeters.)
----------------------------------------------------------------------
