----------------------------------------------------------------------
Transformation Parameters

Patient number: 002
From: ct
To: mr_PD_rectified

Point      x          y          z        new_x       new_y       new_z

1 0.000000 0.000000 0.000000 2.473778 -30.273060 -20.380434
2 333.987030 0.000000 0.000000 336.460513 -29.844085 -20.494289
3 0.000000 333.987030 0.000000 2.047740 303.612168 -12.145817
4 333.987030 333.987030 0.000000 336.034475 304.041143 -12.259672
5 0.000000 0.000000 112.000000 2.515493 -33.034425 91.585512
6 333.987030 0.000000 112.000000 336.502228 -32.605450 91.471657
7 0.000000 333.987030 112.000000 2.089455 300.850803 99.820129
8 333.987030 333.987030 112.000000 336.076190 301.279778 99.706274

(All distances are in millimeters.)
----------------------------------------------------------------------
