----------------------------------------------------------------------
Transformation Parameters

Patient number: 007
From: pet
To: mr_PD

Point      x          y          z        new_x       new_y       new_z

1 0.000000 0.000000 0.000000 6.451806 -1.886438 -1.813229
2 329.021826 0.000000 0.000000 335.304680 -2.499443 8.711671
3 0.000000 329.021826 0.000000 7.089449 327.133892 -2.573269
4 329.021826 329.021826 0.000000 335.942322 326.520887 7.951631
5 0.000000 0.000000 112.000000 2.869598 -1.620908 110.129155
6 329.021826 0.000000 112.000000 331.722471 -2.233913 120.654055
7 0.000000 329.021826 112.000000 3.507240 327.399423 109.369115
8 329.021826 329.021826 112.000000 332.360113 326.786417 119.894015

(All distances are in millimeters.)
----------------------------------------------------------------------
