----------------------------------------------------------------------
Transformation Parameters

Patient number: 001
From: pet
To: mr_T2_rectified

Point      x          y          z        new_x       new_y       new_z

1 0.000000 0.000000 0.000000 3.470622 -10.112687 7.180799
2 329.021826 0.000000 0.000000 332.077808 -13.133224 -9.053593
3 0.000000 329.021826 0.000000 7.117686 318.645499 19.834489
4 329.021826 329.021826 0.000000 335.724872 315.624962 3.600097
5 0.000000 0.000000 112.000000 8.952886 -14.475868 118.961421
6 329.021826 0.000000 112.000000 337.560072 -17.496406 102.727029
7 0.000000 329.021826 112.000000 12.599950 314.282318 131.615111
8 329.021826 329.021826 112.000000 341.207136 311.261780 115.380719

(All distances are in millimeters.)
----------------------------------------------------------------------
