----------------------------------------------------------------------
Transformation Parameters

Patient number: 006
From: pet
To: mr_PD_rectified

Point      x          y          z        new_x       new_y       new_z

1 0.000000 0.000000 0.000000 4.731566 6.264708 -9.910360
2 329.021826 0.000000 0.000000 333.260883 -0.828980 6.628353
3 0.000000 329.021826 0.000000 11.961681 335.197300 -12.447423
4 329.021826 329.021826 0.000000 340.490999 328.103612 4.091291
5 0.000000 0.000000 112.000000 -0.878115 7.250751 101.944721
6 329.021826 0.000000 112.000000 327.651203 0.157063 118.483435
7 0.000000 329.021826 112.000000 6.352001 336.183344 99.407659
8 329.021826 329.021826 112.000000 334.881318 329.089656 115.946372

(All distances are in millimeters.)
----------------------------------------------------------------------
