----------------------------------------------------------------------
Transformation Parameters

Patient number: 005
From: pet
To: mr_T1

Point      x          y          z        new_x       new_y       new_z

1 0.000000 0.000000 0.000000 54.102505 22.730067 -1.288371
2 246.766339 0.000000 0.000000 300.777078 29.440821 -0.791879
3 0.000000 246.766339 0.000000 47.393037 269.404357 -1.923793
4 246.766339 246.766339 0.000000 294.067611 276.115111 -1.427301
5 0.000000 0.000000 112.000000 53.869403 23.012232 110.711031
6 246.766339 0.000000 112.000000 300.543976 29.722986 111.207523
7 0.000000 246.766339 112.000000 47.159935 269.686522 110.075609
8 246.766339 246.766339 112.000000 293.834509 276.397277 110.572101

(All distances are in millimeters.)
----------------------------------------------------------------------
