----------------------------------------------------------------------
Transformation Parameters

Patient number: 006
From: ct
To: mr_T2

Point      x          y          z        new_x       new_y       new_z

1 0.000000 0.000000 0.000000 -8.707759 -28.941465 1.352443
2 333.987030 0.000000 0.000000 325.272433 -31.077092 1.434938
3 0.000000 333.987030 0.000000 -6.572263 305.038333 1.872126
4 333.987030 333.987030 0.000000 327.407929 302.902706 1.954621
5 0.000000 0.000000 116.000000 -8.737565 -29.121774 117.352299
6 333.987030 0.000000 116.000000 325.242627 -31.257401 117.434794
7 0.000000 333.987030 116.000000 -6.602069 304.858024 117.871982
8 333.987030 333.987030 116.000000 327.378123 302.722397 117.954477

(All distances are in millimeters.)
----------------------------------------------------------------------
