----------------------------------------------------------------------
Transformation Parameters

Patient number: 009
From: pet
To: mr_PD

Point      x          y          z        new_x       new_y       new_z

1 0.000000 0.000000 0.000000 3.307741 -1.825408 -22.557569
2 329.021826 0.000000 0.000000 332.308766 -5.513157 -22.854012
3 0.000000 329.021826 0.000000 6.997245 327.169504 -20.533439
4 329.021826 329.021826 0.000000 335.998270 323.481756 -20.829882
5 0.000000 0.000000 112.000000 3.400920 -2.515516 89.440266
6 329.021826 0.000000 112.000000 332.401945 -6.203264 89.143823
7 0.000000 329.021826 112.000000 7.090424 326.479396 91.464396
8 329.021826 329.021826 112.000000 336.091449 322.791648 91.167953

(All distances are in millimeters.)
----------------------------------------------------------------------
