----------------------------------------------------------------------
Transformation Parameters

Patient number: 005
From: pet
To: mr_T1_rectified

Point      x          y          z        new_x       new_y       new_z

1 0.000000 0.000000 0.000000 51.994417 24.144797 -2.276917
2 246.766339 0.000000 0.000000 298.739364 27.168257 -1.087028
3 0.000000 246.766339 0.000000 48.965224 270.889679 -1.088002
4 246.766339 246.766339 0.000000 295.710172 273.913139 0.101887
5 0.000000 0.000000 112.000000 51.461020 23.598601 109.720481
6 246.766339 0.000000 112.000000 298.205967 26.622060 110.910370
7 0.000000 246.766339 112.000000 48.431827 270.343482 110.909396
8 246.766339 246.766339 112.000000 295.176774 273.366942 112.099285

(All distances are in millimeters.)
----------------------------------------------------------------------
