----------------------------------------------------------------------
Transformation Parameters

Patient number: 002
From: pet
To: mr_T1

Point      x          y          z        new_x       new_y       new_z

1 0.000000 0.000000 0.000000 5.043153 13.365638 -25.647973
2 329.021826 0.000000 0.000000 333.893820 10.916659 -15.323083
3 0.000000 329.021826 0.000000 7.030098 342.053922 -10.970575
4 329.021826 329.021826 0.000000 335.880765 339.604943 -0.645685
5 0.000000 0.000000 112.000000 1.494905 8.393233 86.185319
6 329.021826 0.000000 112.000000 330.345572 5.944254 96.510209
7 0.000000 329.021826 112.000000 3.481850 337.081516 100.862717
8 329.021826 329.021826 112.000000 332.332517 334.632537 111.187607

(All distances are in millimeters.)
----------------------------------------------------------------------
