----------------------------------------------------------------------
Transformation Parameters

Patient number: 001
From: pet
To: mr_T1

Point      x          y          z        new_x       new_y       new_z

1 0.000000 0.000000 0.000000 2.880910 -12.668517 13.555516
2 329.021826 0.000000 0.000000 331.733447 -15.298349 3.335186
3 0.000000 329.021826 0.000000 4.988842 315.921176 -3.169677
4 329.021826 329.021826 0.000000 333.841378 313.291344 -13.390007
5 0.000000 0.000000 112.000000 6.400877 -7.000430 125.356601
6 329.021826 0.000000 112.000000 335.253414 -9.630262 115.136271
7 0.000000 329.021826 112.000000 8.508809 321.589263 108.631408
8 329.021826 329.021826 112.000000 337.361346 318.959431 98.411078

(All distances are in millimeters.)
----------------------------------------------------------------------
