----------------------------------------------------------------------
Transformation Parameters

Patient number: 001
From: ct
To: mr_T1

Point      x          y          z        new_x       new_y       new_z

1 0.000000 0.000000 0.000000 -1.121273 -21.298235 -1.256448
2 333.987030 0.000000 0.000000 332.786874 -22.917174 -8.332092
3 0.000000 333.987030 0.000000 0.509577 312.684369 -0.711381
4 333.987030 333.987030 0.000000 334.417724 311.065430 -7.787025
5 0.000000 0.000000 108.000000 1.165864 -21.485622 106.719169
6 333.987030 0.000000 108.000000 335.074011 -23.104560 99.643525
7 0.000000 333.987030 108.000000 2.796714 312.496982 107.264236
8 333.987030 333.987030 108.000000 336.704861 310.878043 100.188592

(All distances are in millimeters.)
----------------------------------------------------------------------
