----------------------------------------------------------------------
Transformation Parameters

Patient number: 006
From: pet
To: mr_T2_rectified

Point      x          y          z        new_x       new_y       new_z

1 0.000000 0.000000 0.000000 3.942308 8.079268 -4.597607
2 329.021826 0.000000 0.000000 332.890576 1.146962 -4.013267
3 0.000000 329.021826 0.000000 10.876231 337.026734 -5.517880
4 329.021826 329.021826 0.000000 339.824500 330.094429 -4.933540
5 0.000000 0.000000 112.000000 3.750042 8.396653 107.401778
6 329.021826 0.000000 112.000000 332.698311 1.464348 107.986118
7 0.000000 329.021826 112.000000 10.683965 337.344120 106.481505
8 329.021826 329.021826 112.000000 339.632234 330.411814 107.065845

(All distances are in millimeters.)
----------------------------------------------------------------------
