----------------------------------------------------------------------
Transformation Parameters

Patient number: 007
From: pet
To: mr_T2

Point      x          y          z        new_x       new_y       new_z

1 0.000000 0.000000 0.000000 7.334531 -3.696198 -1.392547
2 329.021826 0.000000 0.000000 336.345700 -1.053107 -1.229352
3 0.000000 329.021826 0.000000 4.691527 325.314965 -1.568574
4 329.021826 329.021826 0.000000 333.702696 327.958056 -1.405379
5 0.000000 0.000000 112.000000 7.278499 -3.636726 110.607423
6 329.021826 0.000000 112.000000 336.289668 -0.993635 110.770618
7 0.000000 329.021826 112.000000 4.635496 325.374437 110.431396
8 329.021826 329.021826 112.000000 333.646665 328.017528 110.594591

(All distances are in millimeters.)
----------------------------------------------------------------------
