----------------------------------------------------------------------
Transformation Parameters

Patient number: 006
From: pet
To: mr_PD

Point      x          y          z        new_x       new_y       new_z

1 0.000000 0.000000 0.000000 -1.137759 10.006586 -11.967378
2 329.021826 0.000000 0.000000 327.259068 -6.569541 -0.300414
3 0.000000 329.021826 0.000000 15.295221 338.589727 -7.673436
4 329.021826 329.021826 0.000000 343.692047 322.013601 3.993528
5 0.000000 0.000000 112.000000 -5.177572 8.746047 99.952642
6 329.021826 0.000000 112.000000 323.219255 -7.830080 111.619606
7 0.000000 329.021826 112.000000 11.255408 337.329188 104.246584
8 329.021826 329.021826 112.000000 339.652235 320.753062 115.913548

(All distances are in millimeters.)
----------------------------------------------------------------------
