----------------------------------------------------------------------
Transformation Parameters

Patient number: 001
From: ct
To: mr_T2

Point      x          y          z        new_x       new_y       new_z

1 0.000000 0.000000 0.000000 -2.829011 -19.706161 -5.128070
2 333.987030 0.000000 0.000000 331.068087 -25.132554 -10.661457
3 0.000000 333.987030 0.000000 2.739762 314.122159 3.530910
4 333.987030 333.987030 0.000000 336.636860 308.695766 -2.002477
5 0.000000 0.000000 108.000000 -1.086046 -22.535260 102.820799
6 333.987030 0.000000 108.000000 332.811052 -27.961653 97.287412
7 0.000000 333.987030 108.000000 4.482727 311.293060 111.479779
8 333.987030 333.987030 108.000000 338.379825 305.866667 105.946392

(All distances are in millimeters.)
----------------------------------------------------------------------
