----------------------------------------------------------------------
Transformation Parameters

Patient number: 001
From: pet
To: mr_PD

Point      x          y          z        new_x       new_y       new_z

1 0.000000 0.000000 0.000000 2.345583 -9.918655 -0.950739
2 329.021826 0.000000 0.000000 331.303708 -14.538947 -5.485849
3 0.000000 329.021826 0.000000 7.107911 318.902957 9.490989
4 329.021826 329.021826 0.000000 336.066035 314.282665 4.955879
5 0.000000 0.000000 112.000000 3.838497 -13.494707 110.982201
6 329.021826 0.000000 112.000000 332.796621 -18.114999 106.447091
7 0.000000 329.021826 112.000000 8.600824 315.326905 121.423929
8 329.021826 329.021826 112.000000 337.558948 310.706613 116.888819

(All distances are in millimeters.)
----------------------------------------------------------------------
