----------------------------------------------------------------------
Transformation Parameters

Patient number: 006
From: ct
To: mr_PD_rectified

Point      x          y          z        new_x       new_y       new_z

1 0.000000 0.000000 0.000000 -7.556897 -29.862671 -22.126723
2 333.987030 0.000000 0.000000 326.406855 -30.857412 -25.942317
3 0.000000 333.987030 0.000000 -6.531258 304.111858 -19.425131
4 333.987030 333.987030 0.000000 327.432494 303.117117 -23.240725
5 0.000000 0.000000 116.000000 -6.234514 -30.804989 93.861911
6 333.987030 0.000000 116.000000 327.729239 -31.799730 90.046317
7 0.000000 333.987030 116.000000 -5.208875 303.169540 96.563503
8 333.987030 333.987030 116.000000 328.754878 302.174799 92.747909

(All distances are in millimeters.)
----------------------------------------------------------------------
