----------------------------------------------------------------------
Transformation Parameters

Patient number: 005
From: ct
To: mr_PD_rectified

Point      x          y          z        new_x       new_y       new_z

1 0.000000 0.000000 0.000000 -4.795772 -32.943523 -22.777007
2 333.987030 0.000000 0.000000 329.158912 -29.745672 -26.150359
3 0.000000 333.987030 0.000000 -7.860765 300.778959 -9.844589
4 333.987030 333.987030 0.000000 326.093918 303.976809 -13.217941
5 0.000000 0.000000 128.000000 -3.456508 -37.887507 105.120465
6 333.987030 0.000000 128.000000 330.498175 -34.689657 101.747113
7 0.000000 333.987030 128.000000 -6.521502 295.834974 118.052883
8 333.987030 333.987030 128.000000 327.433182 299.032825 114.679531

(All distances are in millimeters.)
----------------------------------------------------------------------
