----------------------------------------------------------------------
Transformation Parameters

Patient number: 003
From: ct
To: mr_T2

Point      x          y          z        new_x       new_y       new_z

1 0.000000 0.000000 0.000000 -1.282199 -30.325948 -34.853840
2 333.987030 0.000000 0.000000 332.703187 -31.340988 -34.593330
3 0.000000 333.987030 0.000000 -0.267214 303.659532 -34.783369
4 333.987030 333.987030 0.000000 333.718172 302.644493 -34.522859
5 0.000000 0.000000 132.000000 -1.385244 -30.353487 97.146117
6 333.987030 0.000000 132.000000 332.600142 -31.368526 97.406627
7 0.000000 333.987030 132.000000 -0.370259 303.631994 97.216588
8 333.987030 333.987030 132.000000 333.615127 302.616954 97.477098

(All distances are in millimeters.)
----------------------------------------------------------------------
