----------------------------------------------------------------------
Transformation Parameters

Patient number: 004
From: ct
To: mr_T2

Point      x          y          z        new_x       new_y       new_z

1 0.000000 0.000000 0.000000 -0.853845 -28.520801 -37.313319
2 333.987030 0.000000 0.000000 333.129078 -30.172451 -37.437562
3 0.000000 333.987030 0.000000 0.797714 305.462057 -37.556127
4 333.987030 333.987030 0.000000 334.780637 303.810408 -37.680371
5 0.000000 0.000000 104.000000 -0.814783 -28.445386 66.686647
6 333.987030 0.000000 104.000000 333.168140 -30.097035 66.562403
7 0.000000 333.987030 104.000000 0.836776 305.537473 66.443838
8 333.987030 333.987030 104.000000 334.819699 303.885823 66.319595

(All distances are in millimeters.)
----------------------------------------------------------------------
