----------------------------------------------------------------------
Transformation Parameters

Patient number: 004
From: ct
To: mr_T1_rectified

Point      x          y          z        new_x       new_y       new_z

1 0.000000 0.000000 0.000000 0.879835 -29.743016 -35.892348
2 333.987030 0.000000 0.000000 334.866686 -29.638431 -36.221982
3 0.000000 333.987030 0.000000 0.777972 304.232635 -33.137321
4 333.987030 333.987030 0.000000 334.764823 304.337221 -33.466955
5 0.000000 0.000000 104.000000 0.982745 -30.600870 68.104063
6 333.987030 0.000000 104.000000 334.969596 -30.496285 67.774429
7 0.000000 333.987030 104.000000 0.880882 303.374781 70.859090
8 333.987030 333.987030 104.000000 334.867733 303.479366 70.529456

(All distances are in millimeters.)
----------------------------------------------------------------------
