----------------------------------------------------------------------
Transformation Parameters

Patient number: 001
From: ct
To: mr_PD

Point      x          y          z        new_x       new_y       new_z

1 0.000000 0.000000 0.000000 -1.382604 -20.648741 -5.421846
2 333.987030 0.000000 0.000000 332.567551 -23.632887 -9.387348
3 0.000000 333.987030 0.000000 1.697141 313.225660 2.685894
4 333.987030 333.987030 0.000000 335.647296 310.241514 -1.279607
5 0.000000 0.000000 108.000000 -0.124154 -23.282042 102.538711
6 333.987030 0.000000 108.000000 333.826001 -26.266188 98.573210
7 0.000000 333.987030 108.000000 2.955591 310.592359 110.646452
8 333.987030 333.987030 108.000000 336.905746 307.608213 106.680950

(All distances are in millimeters.)
----------------------------------------------------------------------
