----------------------------------------------------------------------
Transformation Parameters

Patient number: 002
From: pet
To: mr_T1_rectified

Point      x          y          z        new_x       new_y       new_z

1 0.000000 0.000000 0.000000 6.769399 12.490725 -22.341143
2 329.021826 0.000000 0.000000 335.424623 8.331273 -7.381053
3 0.000000 329.021826 0.000000 10.466402 341.333269 -12.129616
4 329.021826 329.021826 0.000000 339.121627 337.173817 2.830474
5 0.000000 0.000000 112.000000 1.635771 9.075785 89.489014
6 329.021826 0.000000 112.000000 330.290996 4.916333 104.449104
7 0.000000 329.021826 112.000000 5.332775 337.918329 99.700541
8 329.021826 329.021826 112.000000 333.987999 333.758877 114.660631

(All distances are in millimeters.)
----------------------------------------------------------------------
