----------------------------------------------------------------------
Transformation Parameters

Patient number: 004
From: ct
To: mr_PD_rectified

Point      x          y          z        new_x       new_y       new_z

1 0.000000 0.000000 0.000000 0.989799 -29.874065 -39.411642
2 333.987030 0.000000 0.000000 334.975661 -29.501953 -38.610443
3 0.000000 333.987030 0.000000 0.593540 303.958859 -29.274688
4 333.987030 333.987030 0.000000 334.579401 304.330972 -28.473489
5 0.000000 0.000000 104.000000 0.743947 -33.030890 64.540145
6 333.987030 0.000000 104.000000 334.729808 -32.658777 65.341344
7 0.000000 333.987030 104.000000 0.347687 300.802035 74.677099
8 333.987030 333.987030 104.000000 334.333549 301.174147 75.478298

(All distances are in millimeters.)
----------------------------------------------------------------------
