----------------------------------------------------------------------
Transformation Parameters

Patient number: 006
From: ct
To: mr_T2_rectified

Point      x          y          z        new_x       new_y       new_z

1 0.000000 0.000000 0.000000 -6.935722 -29.970754 -22.230107
2 333.987030 0.000000 0.000000 327.047780 -31.501398 -22.347002
3 0.000000 333.987030 0.000000 -5.404738 304.011294 -21.238167
4 333.987030 333.987030 0.000000 328.578764 302.480650 -21.355062
5 0.000000 0.000000 116.000000 -6.896702 -30.315456 93.769374
6 333.987030 0.000000 116.000000 327.086800 -31.846100 93.652479
7 0.000000 333.987030 116.000000 -5.365718 303.666592 94.761314
8 333.987030 333.987030 116.000000 328.617784 302.135948 94.644419

(All distances are in millimeters.)
----------------------------------------------------------------------
