----------------------------------------------------------------------
Transformation Parameters

Patient number: 005
From: pet
To: mr_T2

Point      x          y          z        new_x       new_y       new_z

1 0.000000 0.000000 0.000000 51.385806 25.050123 -1.466692
2 246.766339 0.000000 0.000000 298.134147 28.029409 -1.544916
3 0.000000 246.766339 0.000000 48.406424 271.798280 -1.777617
4 246.766339 246.766339 0.000000 295.154765 274.777565 -1.855842
5 0.000000 0.000000 112.000000 51.419604 25.191662 110.533214
6 246.766339 0.000000 112.000000 298.167945 28.170947 110.454989
7 0.000000 246.766339 112.000000 48.440222 271.939818 110.222288
8 246.766339 246.766339 112.000000 295.188563 274.919104 110.144064

(All distances are in millimeters.)
----------------------------------------------------------------------
