----------------------------------------------------------------------
Transformation Parameters

Patient number: 006
From: ct
To: mr_PD

Point      x          y          z        new_x       new_y       new_z

1 0.000000 0.000000 0.000000 -10.808403 -28.420279 -15.838228
2 333.987030 0.000000 0.000000 323.137233 -33.663333 -15.439782
3 0.000000 333.987030 0.000000 -5.566032 305.525121 -15.269115
4 333.987030 333.987030 0.000000 328.379605 300.282066 -14.870669
5 0.000000 0.000000 116.000000 -10.949877 -28.615746 100.161521
6 333.987030 0.000000 116.000000 322.995760 -33.858801 100.559967
7 0.000000 333.987030 116.000000 -5.707505 305.329653 100.730634
8 333.987030 333.987030 116.000000 328.238131 300.086599 101.129080

(All distances are in millimeters.)
----------------------------------------------------------------------
