----------------------------------------------------------------------
Transformation Parameters

Patient number: 005
From: ct
To: mr_T2_rectified

Point      x          y          z        new_x       new_y       new_z

1 0.000000 0.000000 0.000000 -5.210242 -32.593216 -22.699981
2 333.987030 0.000000 0.000000 328.764278 -30.739245 -24.917885
3 0.000000 333.987030 0.000000 -6.993850 301.225063 -12.235208
4 333.987030 333.987030 0.000000 326.980670 303.079034 -14.453112
5 0.000000 0.000000 128.000000 -4.338400 -36.599134 105.234348
6 333.987030 0.000000 128.000000 329.636120 -34.745163 103.016444
7 0.000000 333.987030 128.000000 -6.122008 297.219145 115.699121
8 333.987030 333.987030 128.000000 327.852512 299.073116 113.481217

(All distances are in millimeters.)
----------------------------------------------------------------------
