----------------------------------------------------------------------
Transformation Parameters

Patient number: 001
From: ct
To: mr_T2_rectified

Point      x          y          z        new_x       new_y       new_z

1 0.000000 0.000000 0.000000 -0.349363 -20.284353 1.735573
2 333.987030 0.000000 0.000000 333.511634 -23.932714 -6.682277
3 0.000000 333.987030 0.000000 3.411256 313.652260 6.155095
4 333.987030 333.987030 0.000000 337.272254 310.003900 -2.262756
5 0.000000 0.000000 108.000000 2.356660 -21.743586 109.691806
6 333.987030 0.000000 108.000000 336.217658 -25.391946 101.273955
7 0.000000 333.987030 108.000000 6.117280 312.193028 114.111327
8 333.987030 333.987030 108.000000 339.978277 308.544667 105.693477

(All distances are in millimeters.)
----------------------------------------------------------------------
