----------------------------------------------------------------------
Transformation Parameters

Patient number: 007
From: ct
To: mr_PD

Point      x          y          z        new_x       new_y       new_z

1 0.000000 0.000000 0.000000 -6.438481 -22.065233 -3.690654
2 333.987030 0.000000 0.000000 327.541194 -22.365014 -5.886791
3 0.000000 333.987030 0.000000 -6.184706 311.848598 -10.678155
4 333.987030 333.987030 0.000000 327.794969 311.548817 -12.874291
5 0.000000 0.000000 108.000000 -5.726453 -19.806303 104.283371
6 333.987030 0.000000 108.000000 328.253222 -20.106084 102.087235
7 0.000000 333.987030 108.000000 -5.472678 314.107528 97.295871
8 333.987030 333.987030 108.000000 328.506997 313.807747 95.099734

(All distances are in millimeters.)
----------------------------------------------------------------------
