----------------------------------------------------------------------
Transformation Parameters

Patient number: 005
From: ct
To: mr_T1

Point      x          y          z        new_x       new_y       new_z

1 0.000000 0.000000 0.000000 -4.777517 -34.024761 -15.453119
2 333.987030 0.000000 0.000000 329.194183 -31.458310 -17.364555
3 0.000000 333.987030 0.000000 -7.377179 299.900652 -21.317964
4 333.987030 333.987030 0.000000 326.594521 302.467103 -23.229400
5 0.000000 0.000000 128.000000 -4.062369 -31.771469 112.525048
6 333.987030 0.000000 128.000000 329.909331 -29.205018 110.613612
7 0.000000 333.987030 128.000000 -6.662031 302.153944 106.660203
8 333.987030 333.987030 128.000000 327.309669 304.720395 104.748767

(All distances are in millimeters.)
----------------------------------------------------------------------
