----------------------------------------------------------------------
Transformation Parameters

Patient number: 004
From: ct
To: mr_T2_rectified

Point      x          y          z        new_x       new_y       new_z

1 0.000000 0.000000 0.000000 1.058769 -29.534935 -40.271788
2 333.987030 0.000000 0.000000 335.045213 -29.524261 -39.646585
3 0.000000 333.987030 0.000000 1.027058 304.262864 -29.030572
4 333.987030 333.987030 0.000000 335.013503 304.273538 -28.405369
5 0.000000 0.000000 104.000000 0.864309 -33.035342 63.669105
6 333.987030 0.000000 104.000000 334.850754 -33.024668 64.294308
7 0.000000 333.987030 104.000000 0.832599 300.762457 74.910321
8 333.987030 333.987030 104.000000 334.819043 300.773131 75.535524

(All distances are in millimeters.)
----------------------------------------------------------------------
