-------------------------------------------------------------
Transformation Parameters

Patient number: 001
From: ct
To: mr_PD_rectified

Point      x          y          z        new_x       new_y       new_z

  1     0.0000     0.0000     0.0000    -2.8335   -18.7928     1.1121
  2   333.9870     0.0000     0.0000   326.3275   -11.1701   -54.9438
  3     0.0000   333.9870     0.0000    -1.2572   310.7842    55.1849
  4   333.9870   333.9870     0.0000   327.9038   318.4068    -0.8710
  5     0.0000     0.0000   108.0000    15.4528   -36.1110   106.1345
  6   333.9870     0.0000   108.0000   344.6138   -28.4883    50.0785
  7     0.0000   333.9870   108.0000    17.0291   293.4660   160.2073
  8   333.9870   333.9870   108.0000   346.1901   301.0887   104.1513

(All distances are in millimeters.)
-------------------------------------------------------------
