-------------------------------------------------------------
Transformation Parameters

Patient number: 001
From: ct
To: mr_T2

Point      x          y          z        new_x       new_y       new_z

  1     0.0000     0.0000     0.0000    -5.8141   -22.4559    13.7268
  2   333.9870     0.0000     0.0000   316.1717   -10.2752   -74.1600
  3     0.0000   333.9870     0.0000    -3.8953   307.3355    66.4644
  4   333.9870   333.9870     0.0000   318.0906   319.5163   -21.4224
  5     0.0000     0.0000   108.0000    22.8704   -39.0600   116.5154
  6   333.9870     0.0000   108.0000   344.8563   -26.8792    28.6286
  7     0.0000   333.9870   108.0000    24.7892   290.7315   169.2531
  8   333.9870   333.9870   108.0000   346.7751   302.9122    81.3663

(All distances are in millimeters.)
-------------------------------------------------------------
