-------------------------------------------------------------
Transformation Parameters

Patient number: 005
From: ct
To: mr_PD

Point      x          y          z        new_x       new_y       new_z

  1     0.0000     0.0000     0.0000     8.8027   -14.8719   -81.4080
  2   333.9870     0.0000     0.0000   337.4713   -22.6889   -22.5596
  3     0.0000   333.9870     0.0000     4.6945   312.4185   -14.9893
  4   333.9870   333.9870     0.0000   333.3632   304.6015    43.8591
  5     0.0000     0.0000   128.0000   -13.8945   -40.1989    41.9913
  6   333.9870     0.0000   128.0000   314.7742   -48.0159   100.8397
  7     0.0000   333.9870   128.0000   -18.0026   287.0916   108.4100
  8   333.9870   333.9870   128.0000   310.6661   279.2746   167.2584

(All distances are in millimeters.)
-------------------------------------------------------------
