-------------------------------------------------------------
Transformation Parameters

Patient number: 006
From: pet
To: mr_T2

Point      x          y          z        new_x       new_y       new_z

  1     0.0000     0.0000     0.0000    14.0438    -2.8203   -24.9666
  2   329.0218     0.0000     0.0000   342.5259    15.0422   -18.9869
  3     0.0000   329.0218     0.0000    -4.4553   322.7756    18.6276
  4   329.0218   329.0218     0.0000   324.0268   340.6380    24.6073
  5     0.0000     0.0000   112.0000    12.8351   -17.7500    86.0273
  6   329.0218     0.0000   112.0000   341.3173     0.1124    92.0069
  7     0.0000   329.0218   112.0000    -5.6640   307.8458   129.6215
  8   329.0218   329.0218   112.0000   322.8182   325.7083   135.6012

(All distances are in millimeters.)
-------------------------------------------------------------
