-------------------------------------------------------------
Transformation Parameters

Patient number: 006
From: pet
To: mr_T1

Point      x          y          z        new_x       new_y       new_z

  1     0.0000     0.0000     0.0000    -5.8584     8.3208    10.8158
  2   329.0218     0.0000     0.0000   321.6804   -10.0118   -14.4349
  3     0.0000   329.0218     0.0000    13.0741   336.7195    17.9736
  4   329.0218   329.0218     0.0000   340.6129   318.3869    -7.2770
  5     0.0000     0.0000   112.0000     2.5849     5.4007   122.4589
  6   329.0218     0.0000   112.0000   330.1238   -12.9319    97.2083
  7     0.0000   329.0218   112.0000    21.5175   333.7993   129.6167
  8   329.0218   329.0218   112.0000   349.0563   315.4667   104.3661

(All distances are in millimeters.)
-------------------------------------------------------------
