-------------------------------------------------------------
Transformation Parameters

Patient number: 009
From: pet
To: mr_T1

Point      x          y          z        new_x       new_y       new_z

  1     0.0000     0.0000     0.0000     8.5994    -3.7836   -34.1506
  2   329.0218     0.0000     0.0000   337.5201     0.9241   -27.4892
  3     0.0000   329.0218     0.0000     3.4941   324.5892   -14.1357
  4   329.0218   329.0218     0.0000   332.4148   329.2970    -7.4743
  5     0.0000     0.0000   112.0000     6.4338   -10.6298    77.6190
  6   329.0218     0.0000   112.0000   335.3545    -5.9221    84.2804
  7     0.0000   329.0218   112.0000     1.3285   317.7430    97.6338
  8   329.0218   329.0218   112.0000   330.2492   322.4508   104.2952

(All distances are in millimeters.)
-------------------------------------------------------------
