-------------------------------------------------------------
Transformation Parameters

Patient number: 007
From: ct
To: mr_T2

Point      x          y          z        new_x       new_y       new_z

  1     0.0000     0.0000     0.0000    16.0706   -45.5576    29.4356
  2   333.9870     0.0000     0.0000   341.0731     1.0052   -31.8235
  3     0.0000   333.9870     0.0000   -33.6406   284.4574    16.5418
  4   333.9870   333.9870     0.0000   291.3619   331.0201   -44.7173
  5     0.0000     0.0000   108.0000    35.0629   -38.5519   135.5214
  6   333.9870     0.0000   108.0000   360.0653     8.0108    74.2623
  7     0.0000   333.9870   108.0000   -14.6483   291.4631   122.6277
  8   333.9870   333.9870   108.0000   310.3541   338.0258    61.3686

(All distances are in millimeters.)
-------------------------------------------------------------
