-------------------------------------------------------------
Transformation Parameters

Patient number: 005
From: pet
To: mr_PD

Point      x          y          z        new_x       new_y       new_z

  1     0.0000     0.0000     0.0000    51.6630    27.0120    -6.4097
  2   246.7663     0.0000     0.0000   298.2656    27.7401     2.5484
  3     0.0000   246.7663     0.0000    50.6353   273.6384     1.8330
  4   246.7663   246.7663     0.0000   297.2379   274.3666    10.7910
  5     0.0000     0.0000   112.0000    47.6106    23.2564   105.4540
  6   246.7663     0.0000   112.0000   294.2132    23.9846   114.4120
  7     0.0000   246.7663   112.0000    46.5829   269.8829   113.6967
  8   246.7663   246.7663   112.0000   293.1855   270.6111   122.6547

(All distances are in millimeters.)
-------------------------------------------------------------
