-------------------------------------------------------------
Transformation Parameters

Patient number: 006
From: ct
To: mr_T2

Point      x          y          z        new_x       new_y       new_z

  1     0.0000     0.0000     0.0000     0.3393   -29.5819   -53.0783
  2   333.9870     0.0000     0.0000   333.9887   -17.2221   -44.5528
  3     0.0000   333.9870     0.0000   -13.1275   300.6157    -4.7507
  4   333.9870   333.9870     0.0000   320.5219   312.9755     3.7748
  5     0.0000     0.0000   116.0000    -1.9670   -46.4694    61.6627
  6   333.9870     0.0000   116.0000   331.6824   -34.1096    70.1882
  7     0.0000   333.9870   116.0000   -15.4338   283.7282   109.9903
  8   333.9870   333.9870   116.0000   318.2156   296.0880   118.5157

(All distances are in millimeters.)
-------------------------------------------------------------
