-------------------------------------------------------------
Transformation Parameters

Patient number: 007
From: pet
To: mr_T2_rectified

Point      x          y          z        new_x       new_y       new_z

  1     0.0000     0.0000     0.0000     0.3392    10.2508   -11.3491
  2   329.0218     0.0000     0.0000   327.5444   -15.1239    12.0655
  3     0.0000   329.0218     0.0000    24.8672   338.1170     1.1983
  4   329.0218   329.0218     0.0000   352.0724   312.7424    24.6129
  5     0.0000     0.0000   112.0000    -7.9326     6.5973   100.2853
  6   329.0218     0.0000   112.0000   319.2726   -18.7773   123.6998
  7     0.0000   329.0218   112.0000    16.5954   334.4636   112.8327
  8   329.0218   329.0218   112.0000   343.8006   309.0890   136.2473

(All distances are in millimeters.)
-------------------------------------------------------------
