-------------------------------------------------------------
Transformation Parameters

Patient number: 007
From: pet
To: mr_T1

Point      x          y          z        new_x       new_y       new_z

  1     0.0000     0.0000     0.0000     1.4025     8.3772   -15.1680
  2   329.0218     0.0000     0.0000   328.3646   -11.8343    15.5342
  3     0.0000   329.0218     0.0000    20.5805   336.6257    -3.3149
  4   329.0218   329.0218     0.0000   347.5426   316.4142    27.3873
  5     0.0000     0.0000   112.0000    -9.2719     4.9768    96.2703
  6   329.0218     0.0000   112.0000   317.6902   -15.2347   126.9725
  7     0.0000   329.0218   112.0000     9.9061   333.2253   108.1234
  8   329.0218   329.0218   112.0000   336.8682   313.0138   138.8256

(All distances are in millimeters.)
-------------------------------------------------------------
