-------------------------------------------------------------
Transformation Parameters

Patient number: 003
From: ct
To: mr_T1_rectified

Point      x          y          z        new_x       new_y       new_z

  1     0.0000     0.0000     0.0000    51.9832   -61.5094   -48.8393
  2   333.9870     0.0000     0.0000   374.3665     6.4354     5.9318
  3     0.0000   333.9870     0.0000   -12.4775   265.1773   -74.6850
  4   333.9870   333.9870     0.0000   309.9058   333.1220   -19.9138
  5     0.0000     0.0000   132.0000    28.7314   -55.8274    80.9723
  6   333.9870     0.0000   132.0000   351.1147    12.1174   135.7435
  7     0.0000   333.9870   132.0000   -35.7293   270.8593    55.1267
  8   333.9870   333.9870   132.0000   286.6540   338.8041   109.8978

(All distances are in millimeters.)
-------------------------------------------------------------
