-------------------------------------------------------------
Transformation Parameters

Patient number: 002
From: pet
To: mr_T1_rectified

Point      x          y          z        new_x       new_y       new_z

  1     0.0000     0.0000     0.0000     7.3469    11.6318   -19.6320
  2   329.0218     0.0000     0.0000   335.6447     6.8777     1.6593
  3     0.0000   329.0218     0.0000    12.2763   340.6068   -22.1822
  4   329.0218   329.0218     0.0000   340.5740   335.8527    -0.8908
  5     0.0000     0.0000   112.0000     0.1129    12.6065    92.1299
  6   329.0218     0.0000   112.0000   328.4107     7.8524   113.4212
  7     0.0000   329.0218   112.0000     5.0422   341.5815    89.5797
  8   329.0218   329.0218   112.0000   333.3400   336.8274   110.8710

(All distances are in millimeters.)
-------------------------------------------------------------
