-------------------------------------------------------------
Transformation Parameters

Patient number: 002
From: ct
To: mr_T2

Point      x          y          z        new_x       new_y       new_z

  1     0.0000     0.0000     0.0000    19.8243     6.5088  -124.2799
  2   333.9870     0.0000     0.0000   348.0221    -6.4845   -63.7430
  3     0.0000   333.9870     0.0000     5.5073   308.2827    18.1100
  4   333.9870   333.9870     0.0000   333.7051   295.2894    78.6470
  5     0.0000     0.0000   112.0000    -0.3759   -41.2831   -25.0233
  6   333.9870     0.0000   112.0000   327.8219   -54.2764    35.5137
  7     0.0000   333.9870   112.0000   -14.6930   260.4908   117.3667
  8   333.9870   333.9870   112.0000   313.5048   247.4974   177.9037

(All distances are in millimeters.)
-------------------------------------------------------------
