-------------------------------------------------------------
Transformation Parameters

Patient number: 007
From: ct
To: mr_T1

Point      x          y          z        new_x       new_y       new_z

  1     0.0000     0.0000     0.0000   -20.1489   -12.2777    21.9684
  2   333.9870     0.0000     0.0000   304.3032   -23.9709   -56.3993
  3     0.0000   333.9870     0.0000    -2.5833   320.4478    45.0460
  4   333.9870   333.9870     0.0000   321.8687   308.7545   -33.3216
  5     0.0000     0.0000   108.0000     4.8355   -20.8599   126.6876
  6   333.9870     0.0000   108.0000   329.2876   -32.5532    48.3200
  7     0.0000   333.9870   108.0000    22.4011   311.8655   149.7652
  8   333.9870   333.9870   108.0000   346.8531   300.1723    71.3976

(All distances are in millimeters.)
-------------------------------------------------------------
