-------------------------------------------------------------
Transformation Parameters

Patient number: 005
From: ct
To: mr_T1_rectified

Point      x          y          z        new_x       new_y       new_z

  1     0.0000     0.0000     0.0000    57.2756   -43.7418   -87.4487
  2   333.9870     0.0000     0.0000   353.7500   -15.2103    63.6677
  3     0.0000   333.9870     0.0000    24.0851   288.5835   -85.0772
  4   333.9870   333.9870     0.0000   320.5596   317.1151    66.0392
  5     0.0000     0.0000   128.0000    -0.2738   -50.3040    26.6960
  6   333.9870     0.0000   128.0000   296.2007   -21.7724   177.8124
  7     0.0000   333.9870   128.0000   -33.4642   282.0213    29.0675
  8   333.9870   333.9870   128.0000   263.0102   310.5529   180.1839

(All distances are in millimeters.)
-------------------------------------------------------------
