-------------------------------------------------------------
Transformation Parameters

Patient number: 004
From: ct
To: mr_T1_rectified

Point      x          y          z        new_x       new_y       new_z

  1     0.0000     0.0000     0.0000    -3.3313   -12.2306   -76.9644
  2   333.9870     0.0000     0.0000   329.3031    -4.3986  -105.9538
  3     0.0000   333.9870     0.0000    -0.8667   301.9883    36.2068
  4   333.9870   333.9870     0.0000   331.7677   309.8203     7.2174
  5     0.0000     0.0000   104.0000     5.9878   -47.3948    20.4657
  6   333.9870     0.0000   104.0000   338.6222   -39.5628    -8.5237
  7     0.0000   333.9870   104.0000     8.4524   266.8241   133.6369
  8   333.9870   333.9870   104.0000   341.0867   274.6561   104.6476

(All distances are in millimeters.)
-------------------------------------------------------------
