-------------------------------------------------------------
Transformation Parameters

Patient number: 001
From: pet
To: mr_T1_rectified

Point      x          y          z        new_x       new_y       new_z

  1     0.0000     0.0000     0.0000    11.6721   -14.8760    -3.3873
  2   329.0218     0.0000     0.0000   340.2854   -10.0644    12.2811
  3     0.0000   329.0218     0.0000     6.9353   314.1074    -5.0722
  4   329.0218   329.0218     0.0000   335.5486   318.9190    10.5963
  5     0.0000     0.0000   112.0000     6.3307   -14.3800   108.4841
  6   329.0218     0.0000   112.0000   334.9440    -9.5684   124.1526
  7     0.0000   329.0218   112.0000     1.5940   314.6034   106.7993
  8   329.0218   329.0218   112.0000   330.2073   319.4151   122.4677

(All distances are in millimeters.)
-------------------------------------------------------------
