-------------------------------------------------------------
Transformation Parameters

Patient number: 001
From: ct
To: mr_T2_rectified

Point      x          y          z        new_x       new_y       new_z

  1     0.0000     0.0000     0.0000    58.3745   -34.8537   -67.5559
  2   333.9870     0.0000     0.0000   367.0961     6.0312    53.1368
  3     0.0000   333.9870     0.0000     4.8006   293.8049   -41.8524
  4   333.9870   333.9870     0.0000   313.5222   334.6899    78.8403
  5     0.0000     0.0000   108.0000    20.9867   -48.7970    32.8021
  6   333.9870     0.0000   108.0000   329.7083    -7.9120   153.4949
  7     0.0000   333.9870   108.0000   -32.5872   279.8617    58.5056
  8   333.9870   333.9870   108.0000   276.1344   320.7467   179.1984

(All distances are in millimeters.)
-------------------------------------------------------------
